 -1.000000000000000E-006 -2.500000000000000E-007 -1.900000000000000E-007
 -1.000000000000000E-006 -2.115384615384615E-007 -1.900000000000000E-007
 -9.999999999999997E-007 -1.730769230769231E-007 -1.900000000000000E-007
 -1.000000000000000E-006 -1.346153846153847E-007 -1.900000000000000E-007
 -9.739511382270860E-007 -2.204426802363416E-007 -1.900000000000000E-007
 -9.609742799464790E-007 -2.500000000000000E-007 -1.900000000000000E-007
 -9.712696580114006E-007 -1.912059705959366E-007 -1.900000000000000E-007
 -1.000000000000000E-006 -9.615384615384622E-008 -1.900000000000001E-007
 -1.000000000000000E-006 -5.769230769230775E-008 -1.900000000000000E-007
 -1.000000000000000E-006 -1.923076923076928E-008 -1.900000000000001E-007
 -1.000000000000000E-006  1.923076923076921E-008 -1.900000000000000E-007
 -1.000000000000000E-006  5.769230769230766E-008 -1.900000000000000E-007
 -9.671085771124281E-007 -1.524325855110158E-007 -1.900000000000000E-007
 -9.665521703479757E-007 -1.153846153846154E-007 -1.900000000000000E-007
 -9.389572346253569E-007 -2.142641512007007E-007 -1.900000000000000E-007
 -9.214337773150357E-007 -2.500000000000000E-007 -1.900000000000001E-007
 -9.370153571420725E-007 -1.707784406875117E-007 -1.900000000000000E-007
 -9.665521703479757E-007 -7.692307692307698E-008 -1.900000000000000E-007
 -9.665540113500357E-007 -3.846153846153850E-008 -1.900000000000000E-007
 -1.000000000000000E-006  9.615384615384617E-008 -1.900000000000000E-007
 -1.000000000000000E-006  1.346153846153846E-007 -1.900000000000000E-007
 -9.665742840341133E-007 -3.552713678800501E-023 -1.900000000000000E-007
 -9.665755501382244E-007  3.846153846153843E-008 -1.900000000000000E-007
 -9.658302033998492E-007  7.621314548154096E-008 -1.900000000000000E-007
 -9.337797535141055E-007 -1.316242434973428E-007 -1.900000000000000E-007
 -9.337456586290314E-007 -9.515346555003486E-008 -1.900000000000000E-007
 -9.083056334927049E-007 -1.874796272128249E-007 -1.900000000000000E-007
 -8.975407102181833E-007 -2.160405214238749E-007 -1.900000000000000E-007
 -8.818932192016223E-007 -2.500000000000000E-007 -1.900000000000000E-007
 -8.991099928266322E-007 -1.520070358531999E-007 -1.900000000000000E-007
 -9.328338748821132E-007 -5.769069368650996E-008 -1.900000000000000E-007
 -9.328660716379643E-007 -1.921300731907291E-008 -1.900000000000000E-007
 -9.999999999999993E-007  1.730769230769230E-007 -1.900000000000000E-007
 -9.999999999999995E-007  2.115384615384615E-007 -1.900000000000000E-007
 -9.654858225329863E-007  1.139985685254464E-007 -1.900000000000000E-007
 -9.662726439614024E-007  1.506946094909359E-007 -1.900000000000000E-007
 -9.328979031005137E-007  1.923187783452143E-008 -1.900000000000000E-007
 -9.302331190881101E-007  5.862701566082396E-008 -1.900000000000000E-007
 -9.331074366143106E-007  9.470052010244036E-008 -1.900000000000000E-007
 -9.004205445177458E-007 -1.126809678662892E-007 -1.900000000000000E-007
 -8.995958360678920E-007 -7.526073605787449E-008 -1.900000000000000E-007
 -8.730403771604311E-007 -1.256751279457803E-007 -1.900000000000000E-007
 -8.789136186426284E-007 -1.852300165045321E-007 -1.900000000000000E-007
 -8.604469476521139E-007 -2.172083932435837E-007 -1.900000000000000E-007
 -8.423526610882090E-007 -2.500000000000000E-007 -1.900000000000000E-007
 -8.602405966776836E-007 -1.535566914608851E-007 -1.900000000000000E-007
 -8.988617938092706E-007 -3.842341040623364E-008 -1.900000000000000E-007
 -8.989259405589427E-007  3.755006748484391E-011 -1.900000000000000E-007
 -9.638877049231970E-007  1.910781399882657E-007 -1.900000000000000E-007
 -9.717952002283574E-007  2.256017700271337E-007 -1.900000000000000E-007
 -1.000000000000000E-006  2.500000000000000E-007 -1.900000000000000E-007
 -9.370360380805942E-007  1.311070967685649E-007 -1.900000000000000E-007
 -9.389009896696483E-007  1.598449511799501E-007 -1.900000000000000E-007
 -9.098918540128240E-007  1.150706625918235E-007 -1.900000000000000E-007
 -8.979895778499029E-007  3.949887012939876E-008 -1.900000000000000E-007
 -8.954906254288738E-007  8.047152108195814E-008 -1.900000000000000E-007
 -8.684515970516073E-007 -9.530912187994641E-008 -1.900000000000000E-007
 -8.646110204439473E-007 -5.696252488830858E-008 -1.900000000000000E-007
 -8.419133048368137E-007 -1.212291234630404E-007 -1.900000000000000E-007
 -8.408333142919965E-007 -1.830690357739326E-007 -1.900000000000000E-007
 -8.225823820315024E-007 -2.157426165787714E-007 -1.900000000000000E-007
 -8.028121029747958E-007 -2.500000000000000E-007 -1.900000000000000E-007
 -8.210779224727908E-007 -1.498693471079183E-007 -1.900000000000000E-007
 -8.640131800061330E-007 -1.916809236179262E-008 -1.900000000000000E-007
 -8.631176473893497E-007  1.962847782735921E-008 -1.900000000000000E-007
 -8.311402669679053E-007 -3.762111557298791E-008 -1.900000000000000E-007
 -9.194207175861461E-007  1.896050621790888E-007 -1.900000000000000E-007
 -9.397706990226250E-007  2.229355918459315E-007 -1.900000000000000E-007
 -9.609742799464790E-007  2.500000000000000E-007 -1.900000000000000E-007
 -9.016164854266926E-007  1.491496714638773E-007 -1.900000000000000E-007
 -8.788385019345945E-007  1.170337869064999E-007 -1.900000000000000E-007
 -8.617229246941172E-007  5.783404019394364E-008 -1.900000000000000E-007
 -8.605101176137093E-007  9.003579140345418E-008 -1.900000000000000E-007
 -8.250387185871374E-007 -7.836420484854007E-008 -1.900000000000000E-007
 -8.012414164663108E-007 -1.140905514064692E-007 -1.900000000000000E-007
 -8.028121029747957E-007 -1.813913173621126E-007 -1.900000000000000E-007
 -7.830418239180891E-007 -2.157426165787714E-007 -1.900000000000000E-007
 -7.632715448613825E-007 -2.500000000000000E-007 -1.900000000000000E-007
 -7.817399686813694E-007 -1.480719383471324E-007 -1.900000000000000E-007
 -8.008018724676312E-007 -5.036914151187450E-008 -1.900000000000000E-007
 -8.303386717562394E-007  2.521680799380022E-010 -1.900000000000000E-007
 -8.288882356409472E-007  3.726364260357325E-008 -1.900000000000000E-007
 -7.978476246189850E-007 -1.889500687233369E-008 -1.900000000000000E-007
 -8.804647813895053E-007  1.830394377890116E-007 -1.900000000000000E-007
 -9.006630140816496E-007  2.166037209794881E-007 -1.900000000000000E-007
 -9.214337773150357E-007  2.500000000000000E-007 -1.900000000000000E-007
 -8.612517322016093E-007  1.497377206596882E-007 -1.900000000000000E-007
 -8.397504044610141E-007  1.159975177671270E-007 -1.900000000000000E-007
 -8.247788398266066E-007  7.673960264604428E-008 -1.900000000000000E-007
 -7.832153786025817E-007 -7.910205443889841E-008 -1.900000000000000E-007
 -7.631408948666196E-007 -1.131609346686151E-007 -1.900000000000000E-007
 -7.632644806975002E-007 -1.814229461735627E-007 -1.900000000000000E-007
 -7.435012658046760E-007 -2.157507544153831E-007 -1.900000000000000E-007
 -7.237309867479694E-007 -2.500000000000000E-007 -1.900000000000000E-007
 -7.434669657660866E-007 -1.470694630595865E-007 -1.900000000000000E-007
 -7.643141138082806E-007 -4.153114354929887E-008 -1.900000000000000E-007
 -7.964078400500055E-007  1.817582385916996E-008 -1.900000000000000E-007
 -7.999855483546743E-007  5.022913870082164E-008 -1.900000000000000E-007
 -7.655472483806348E-007 -9.004499881504912E-010 -1.900000000000000E-007
 -7.371697530707205E-007 -1.727057540830842E-008 -1.900000000000000E-007
 -8.423526610882092E-007  1.814153576456445E-007 -1.900000000000000E-007
 -8.621229401449154E-007  2.157512918433111E-007 -1.900000000000000E-007
 -8.818932192016222E-007  2.500000000000000E-007 -1.900000000000000E-007
 -8.207340167096358E-007  1.475692378053393E-007 -1.900000000000000E-007
 -8.027142716835003E-007  1.127019611206192E-007 -1.900000000000000E-007
 -7.829145836256707E-007  7.974603769298216E-008 -1.900000000000000E-007
 -7.446015332478073E-007 -7.769909661151747E-008 -1.900000000000000E-007
 -7.237082076371188E-007 -1.126746356908805E-007 -1.900000000000000E-007
 -7.237276288390225E-007 -1.814564079253582E-007 -1.900000000000000E-007
 -7.039607076912627E-007 -2.157546257852642E-007 -1.900000000000000E-007
 -6.841904286345562E-007 -2.500000000000000E-007 -1.900000000000000E-007
 -7.039791430732087E-007 -1.470865040498525E-007 -1.900000000000000E-007
 -7.240962244103473E-007 -4.712522169827558E-008 -1.900000000000000E-007
 -7.626506413433912E-007  4.190788538009919E-008 -1.900000000000000E-007
 -7.305873453655857E-007  1.330196499249919E-008 -1.900000000000000E-007
 -7.066775509537531E-007 -1.421386290720818E-008 -1.900000000000000E-007
 -8.028121029747957E-007  1.814153576456444E-007 -1.900000000000000E-007
 -8.225823820315024E-007  2.157512918433110E-007 -1.900000000000000E-007
 -8.423526610882089E-007  2.500000000000000E-007 -1.900000000000000E-007
 -7.830374590942818E-007  1.470209449026669E-007 -1.900000000000000E-007
 -7.632255695083162E-007  1.125924311433247E-007 -1.900000000000000E-007
 -7.424602586742669E-007  8.043310617317265E-008 -1.900000000000000E-007
 -7.053120707516119E-007 -7.957308744179319E-008 -1.900000000000000E-007
 -6.842361748174140E-007 -1.126195016676567E-007 -1.900000000000000E-007
 -6.841904286345561E-007 -1.814332617326311E-007 -1.900000000000000E-007
 -6.644201495778493E-007 -2.157546257852643E-007 -1.900000000000000E-007
 -6.446498705211428E-007 -2.500000000000000E-007 -1.900000000000000E-007
 -6.644066397630413E-007 -1.470367733243556E-007 -1.900000000000000E-007
 -6.858935756150273E-007 -4.561346702847356E-008 -1.900000000000000E-007
 -7.190537031069293E-007  4.775744119715704E-008 -1.900000000000000E-007
 -6.943074908721122E-007  1.569570380646553E-008 -1.900000000000000E-007
 -6.703873779876948E-007 -1.368054970244977E-008 -1.900000000000000E-007
 -7.632715448613824E-007  1.814203751751744E-007 -1.900000000000000E-007
 -7.830418239180891E-007  2.157512918433110E-007 -1.900000000000000E-007
 -8.028121029747957E-007  2.500000000000000E-007 -1.900000000000000E-007
 -7.434770572199257E-007  1.470573378026934E-007 -1.900000000000000E-007
 -7.236673536452098E-007  1.126654872426104E-007 -1.900000000000000E-007
 -7.023237631705932E-007  8.013440248152531E-008 -1.900000000000000E-007
 -6.644500321487736E-007 -7.805707934496002E-008 -1.900000000000000E-007
 -6.445773598597979E-007 -1.125698215514438E-007 -1.900000000000000E-007
 -6.446325322974660E-007 -1.814388283628731E-007 -1.900000000000000E-007
 -6.248795914644360E-007 -2.157745980326554E-007 -1.900000000000000E-007
 -6.051093124077295E-007 -2.500000000000000E-007 -1.900000000000000E-007
 -6.248096532570277E-007 -1.470721241074208E-007 -1.900000000000000E-007
 -6.471964209666204E-007 -4.479666285202161E-008 -1.900000000000000E-007
 -6.785762147237275E-007  4.680964567952952E-008 -1.900000000000000E-007
 -6.559227801858457E-007  1.618587442901522E-008 -1.900000000000000E-007
 -6.314536242927607E-007 -1.407581123970427E-008 -1.900000000000000E-007
 -7.237263286861803E-007  1.814455450958425E-007 -1.900000000000000E-007
 -7.435012658046758E-007  2.157512918433110E-007 -1.900000000000000E-007
 -7.632715448613824E-007  2.500000000000000E-007 -1.900000000000000E-007
 -7.039420689299558E-007  1.471058252718366E-007 -1.900000000000000E-007
 -6.842117142639655E-007  1.126977218428222E-007 -1.900000000000000E-007
 -6.615532880672835E-007  7.946315884922353E-008 -1.900000000000000E-007
 -6.254018525027771E-007 -7.748637732293358E-008 -1.900000000000000E-007
 -6.049595322112693E-007 -1.126696210925624E-007 -1.900000000000000E-007
 -6.051093124077293E-007 -1.815092184281532E-007 -1.900000000000000E-007
 -5.853390333510227E-007 -2.157745980326555E-007 -1.900000000000000E-007
 -5.655687542943162E-007 -2.500000000000000E-007 -1.900000000000000E-007
 -5.853390333510230E-007 -1.472035977488016E-007 -1.900000000000000E-007
 -6.088111731970147E-007 -4.567076335255894E-008 -1.900000000000000E-007
 -6.411358980706406E-007  4.539094977674513E-008 -1.900000000000000E-007
 -6.174650779572407E-007  1.544879297390846E-008 -1.900000000000000E-007
 -5.930397821716646E-007 -1.452488613980336E-008 -1.900000000000000E-007
 -6.841921929794315E-007  1.814653318403526E-007 -1.900000000000000E-007
 -7.039607076912625E-007  2.157566602719361E-007 -1.900000000000000E-007
 -7.237309867479691E-007  2.500000000000000E-007 -1.900000000000000E-007
 -6.644353910181987E-007  1.470794250540719E-007 -1.900000000000000E-007
 -6.446276055446523E-007  1.126062763044153E-007 -1.900000000000000E-007
 -6.229648229948020E-007  7.942883891667475E-008 -1.900000000000000E-007
 -5.855258973464400E-007 -7.800150674279142E-008 -1.900000000000000E-007
 -5.655687542943163E-007 -1.128574695169302E-007 -1.900000000000000E-007
 -5.655687542943163E-007 -1.815092184281532E-007 -1.900000000000000E-007
 -5.457984752376096E-007 -2.157745980326554E-007 -1.900000000000000E-007
 -5.260281961809030E-007 -2.500000000000000E-007 -1.900000000000000E-007
 -5.457984752376096E-007 -1.472035977488015E-007 -1.900000000000000E-007
 -5.694943374814822E-007 -4.691014363175818E-008 -1.900000000000000E-007
 -6.015988372384165E-007  4.667484008221592E-008 -1.900000000000000E-007
 -5.787223584237308E-007  1.444365754231516E-008 -1.900000000000000E-007
 -5.543360262807256E-007 -1.502899863486803E-008 -1.900000000000000E-007
 -6.446325322974660E-007  1.814388283628731E-007 -1.900000000000000E-007
 -6.644201495778493E-007  2.157546257852643E-007 -1.900000000000000E-007
 -6.841904286345557E-007  2.500000000000000E-007 -1.900000000000000E-007
 -6.248096558550110E-007  1.470735828452642E-007 -1.900000000000000E-007
 -6.049608271927061E-007  1.126763653666233E-007 -1.900000000000000E-007
 -5.845619551302282E-007  7.875518433568753E-008 -1.900000000000000E-007
 -5.455454289651799E-007 -7.895693591233833E-008 -1.900000000000000E-007
 -5.260281961809030E-007 -1.128574695169302E-007 -1.900000000000000E-007
 -5.260281961809030E-007 -1.815092184281532E-007 -1.900000000000000E-007
 -5.062579171241966E-007 -2.157745980326554E-007 -1.900000000000000E-007
 -4.864876380674899E-007 -2.500000000000000E-007 -1.900000000000000E-007
 -5.062579171241966E-007 -1.472035977488015E-007 -1.900000000000000E-007
 -5.284856960954322E-007 -4.694073183371188E-008 -1.900000000000000E-007
 -5.620691265129468E-007  4.631928621417170E-008 -1.900000000000000E-007
 -5.411664961943826E-007  1.399736513919145E-008 -1.900000000000000E-007
 -5.173626083327709E-007 -1.165852402229504E-008 -1.900000000000000E-007
 -6.051093124077293E-007  1.815092184281531E-007 -1.900000000000000E-007
 -6.248795914644360E-007  2.157745980326553E-007 -1.900000000000000E-007
 -6.446498705211425E-007  2.500000000000000E-007 -1.900000000000000E-007
 -5.853390333510227E-007  1.472035977488014E-007 -1.900000000000000E-007
 -5.655687542943160E-007  1.128574695169301E-007 -1.900000000000000E-007
 -5.449915637751626E-007  7.919435494380309E-008 -1.900000000000000E-007
 -4.862816037562540E-007 -1.125869731557401E-007 -1.900000000000000E-007
 -5.058945270262437E-007 -7.915933437752433E-008 -1.900000000000000E-007
 -4.667173590107829E-007 -2.157745980326553E-007 -1.900000000000000E-007
 -4.864876380674899E-007 -1.815092184281531E-007 -1.900000000000000E-007
 -4.469470799540763E-007 -2.500000000000000E-007 -1.900000000000000E-007
 -4.667646943619023E-007 -1.471933798605926E-007 -1.900000000000000E-007
 -4.845749750834893E-007 -4.145738153122036E-008 -1.900000000000000E-007
 -5.252678069299678E-007  4.650624894078916E-008 -1.900000000000000E-007
 -5.120178077131517E-007  1.744422871052049E-008 -1.900000000000000E-007
 -4.829518380395457E-007  1.789936722494971E-009 -1.900000000000000E-007
 -5.655687542943160E-007  1.815092184281531E-007 -1.900000000000000E-007
 -5.853390333510227E-007  2.157745980326554E-007 -1.900000000000000E-007
 -6.051093124077292E-007  2.499999999999999E-007 -1.900000000000000E-007
 -5.457984752376094E-007  1.472035977488014E-007 -1.900000000000000E-007
 -5.259602587174233E-007  1.129130148094609E-007 -1.900000000000000E-007
 -5.075624016325653E-007  7.793046501866865E-008 -1.900000000000000E-007
 -4.474036652476640E-007 -1.141081543716695E-007 -1.900000000000000E-007
 -4.675694541044753E-007 -8.060705681973910E-008 -1.900000000000000E-007
 -4.271768008973699E-007 -2.157387336140541E-007 -1.900000000000000E-007
 -4.469781765827604E-007 -1.814726009600336E-007 -1.900000000000000E-007
 -4.074065218406632E-007 -2.500000000000000E-007 -1.900000000000000E-007
 -4.270834658044039E-007 -1.472131885021117E-007 -1.900000000000000E-007
 -4.440092235045911E-007 -5.459173235094177E-008 -1.900000000000000E-007
 -4.493521368070730E-007 -1.728350614742421E-008 -1.900000000000000E-007
 -4.845526602254883E-007  4.327383399040887E-008 -1.900000000000000E-007
 -4.483963571705319E-007  2.276603655612519E-008 -1.900000000000000E-007
 -5.260281961809027E-007  1.815092184281532E-007 -1.900000000000000E-007
 -5.457984752376094E-007  2.157745980326554E-007 -1.900000000000000E-007
 -5.655687542943160E-007  2.500000000000000E-007 -1.900000000000000E-007
 -5.063307976033560E-007  1.465850319832928E-007 -1.900000000000000E-007
 -4.872868965415286E-007  1.123645696364888E-007 -1.900000000000000E-007
 -4.750710408617125E-007  7.985539691174726E-008 -1.900000000000000E-007
 -4.102085938580173E-007 -1.164099202364224E-007 -1.900000000000000E-007
 -4.288603494831718E-007 -8.631849818671928E-008 -1.900000000000000E-007
 -4.137178035139372E-007 -6.244618196941864E-008 -1.900000000000000E-007
 -3.876362427839565E-007 -2.157295846461196E-007 -1.900000000000000E-007
 -4.074144682265889E-007 -1.813909920387501E-007 -1.900000000000000E-007
 -3.678659637272501E-007 -2.500000000000000E-007 -1.900000000000000E-007
 -3.871857034046123E-007 -1.490912963516051E-007 -1.900000000000000E-007
 -4.154521914320582E-007 -3.463097462472256E-008 -1.900000000000000E-007
 -4.150013678054243E-007  2.077397512052919E-009 -1.900000000000000E-007
 -4.471228895577879E-007  6.161781261494472E-008 -1.900000000000000E-007
 -4.156918391563993E-007  4.227039786759381E-008 -1.900000000000000E-007
 -4.861486651295645E-007  1.804315033405291E-007 -1.900000000000000E-007
 -5.062579171241960E-007  2.157745980326555E-007 -1.900000000000000E-007
 -5.260281961809028E-007  2.500000000000000E-007 -1.900000000000000E-007
 -4.660983472809225E-007  1.435687651503142E-007 -1.900000000000000E-007
 -4.441030907987845E-007  1.044688990755308E-007 -1.900000000000000E-007
 -3.715061572576606E-007 -1.165360654078483E-007 -1.900000000000000E-007
 -3.938539183242573E-007 -8.632118817923673E-008 -1.900000000000000E-007
 -3.836494427516355E-007 -5.026766468686798E-008 -1.900000000000000E-007
 -3.477630764440285E-007 -2.159255531008749E-007 -1.900000000000000E-007
 -3.673016122729304E-007 -1.818423955433626E-007 -1.900000000000000E-007
 -3.283254056138368E-007 -2.500000000000000E-007 -1.900000000000000E-007
 -3.462998851130074E-007 -1.481843862379474E-007 -1.900000000000000E-007
 -3.816790329350748E-007 -1.681149839313992E-008 -1.900000000000000E-007
 -3.841180901161242E-007  1.916351168061937E-008 -1.900000000000000E-007
 -4.109686574396149E-007  8.222213439753987E-008 -1.900000000000000E-007
 -3.811475838855377E-007  5.910597996400434E-008 -1.900000000000000E-007
 -4.486006194747877E-007  1.812430238069192E-007 -1.900000000000000E-007
 -4.667173590107829E-007  2.157745980326554E-007 -1.900000000000000E-007
 -4.864876380674896E-007  2.500000000000000E-007 -1.900000000000000E-007
 -4.290869694164210E-007  1.466919727291825E-007 -1.900000000000000E-007
 -4.037584897026547E-007  1.204024080487385E-007 -1.900000000000000E-007
 -3.395655203717799E-007 -1.131050333102067E-007 -1.900000000000000E-007
 -3.531005996005861E-007 -8.164269329724431E-008 -1.900000000000000E-007
 -3.492730347740995E-007 -3.803975937930186E-008 -1.900000000000000E-007
 -3.084148066217223E-007 -2.222804781448749E-007 -1.900000000000000E-007
 -3.279917473737272E-007 -1.854646978860102E-007 -1.900000000000000E-007
 -2.887850501625472E-007 -2.500000000000000E-007 -1.900000000000000E-007
 -3.103501834387266E-007 -1.594009637585264E-007 -1.900000000000000E-007
 -3.112567595891751E-007 -1.284111617393316E-007 -1.900000000000000E-007
 -3.504437345489270E-007 -3.552713678800501E-023 -1.900000000000000E-007
 -3.504669172877387E-007  3.836770315210245E-008 -1.900000000000000E-007
 -3.781998644224346E-007  9.670333244972593E-008 -1.900000000000000E-007
 -3.477641962770567E-007  7.726559601101474E-008 -1.900000000000000E-007
 -4.097686133949948E-007  1.832673029121331E-007 -1.900000000000000E-007
 -4.271768008973696E-007  2.157387336140541E-007 -1.900000000000000E-007
 -4.469470799540763E-007  2.500000000000000E-007 -1.900000000000000E-007
 -3.896216028615136E-007  1.526302416703484E-007 -1.900000000000000E-007
 -3.753585207364641E-007  1.261850436610007E-007 -1.900000000000000E-007
 -3.132987704079237E-007 -9.078586265793395E-008 -1.900000000000000E-007
 -3.172443475172919E-007 -5.669122497686256E-008 -1.900000000000000E-007
 -3.168533594420383E-007 -1.924866401239374E-008 -1.900000000000000E-007
 -2.780013008233327E-007 -2.253698375758380E-007 -1.900000000000000E-007
 -2.855181000580810E-007 -1.910880950576361E-007 -1.900000000000000E-007
 -2.500000000000000E-007 -2.500000000000000E-007 -1.900000000000000E-007
 -2.801616565290278E-007 -1.486962762901852E-007 -1.900000000000000E-007
 -2.818588960211288E-007 -1.132211729254329E-007 -1.900000000000000E-007
 -3.168533594420383E-007  1.924866401239377E-008 -1.900000000000000E-007
 -3.169522175777245E-007  5.765951053294498E-008 -1.900000000000000E-007
 -3.473599207647096E-007  1.144861245508151E-007 -1.900000000000000E-007
 -3.155860342778782E-007  9.595404833390331E-008 -1.900000000000000E-007
 -3.706078211327956E-007  1.872209849175010E-007 -1.900000000000000E-007
 -3.884939147742004E-007  2.163985860124339E-007 -1.900000000000000E-007
 -4.074065218406631E-007  2.500000000000000E-007 -1.900000000000001E-007
 -3.496595829244366E-007  1.539262493196797E-007 -1.900000000000000E-007
 -2.834720682145483E-007 -7.699465604957535E-008 -1.900000000000000E-007
 -2.833727742372831E-007 -3.849732802478755E-008 -1.900000000000000E-007
 -2.833727742372828E-007 -7.105427357601002E-023 -1.900000000000000E-007
 -2.500000000000000E-007 -2.117352991896934E-007 -1.900000000000000E-007
 -2.499999999999999E-007 -1.732379761115440E-007 -1.900000000000000E-007
 -2.500000000000000E-007 -2.255360501296868E-007 -1.636879844368454E-007
 -2.500000000000000E-007 -2.500000000000000E-007 -1.520000000000000E-007
 -2.500000000000000E-007 -1.347406480867565E-007 -1.900000000000000E-007
 -2.500000000000000E-007 -9.624332006196898E-008 -1.900000000000000E-007
 -2.833727742372828E-007  3.849732802478759E-008 -1.900000000000000E-007
 -2.834720682145481E-007  7.699465604957520E-008 -1.900000000000000E-007
 -3.141373210509234E-007  1.339163485881783E-007 -1.900000000000000E-007
 -2.834940533878849E-007  1.154919840743628E-007 -1.900000000000000E-007
 -3.396700049991948E-007  1.885176819183646E-007 -1.900000000000000E-007
 -3.502349065587013E-007  2.177649005375674E-007 -1.900000000000000E-007
 -3.678659637272498E-007  2.500000000000000E-007 -1.900000000000001E-007
 -3.127124680814386E-007  1.716196504354320E-007 -1.900000000000000E-007
 -2.500000000000001E-007 -5.774599203718143E-008 -1.900000000000001E-007
 -2.500000000000000E-007 -1.924866401239387E-008 -1.900000000000000E-007
 -2.500000000000000E-007  1.924866401239378E-008 -1.900000000000000E-007
 -2.500000000000000E-007 -1.930139995125251E-007 -1.570608166323185E-007
 -2.500000000000000E-007 -1.531894756230600E-007 -1.578750752891803E-007
 -2.500000000000000E-007 -2.220077527462564E-007 -1.326569054438643E-007
 -2.500000000000000E-007 -2.500000000000000E-007 -1.140000000000000E-007
 -2.500000000000000E-007 -1.156179063149479E-007 -1.585598237966890E-007
 -2.500000000000000E-007 -7.698120879857612E-008 -1.584274981662523E-007
 -2.500000000000000E-007  5.774599203718141E-008 -1.900000000000000E-007
 -2.500000000000000E-007  9.624332006196900E-008 -1.900000000000000E-007
 -2.816495718601367E-007  1.540114863873541E-007 -1.900000000000000E-007
 -2.499999999999999E-007  1.347406480867565E-007 -1.900000000000000E-007
 -3.085588986186282E-007  2.151463699551580E-007 -1.900000000000000E-007
 -3.283254056138366E-007  2.500000000000001E-007 -1.900000000000000E-007
 -2.774888998435132E-007  1.925200044862538E-007 -1.900000000000000E-007
 -2.500000000000000E-007 -3.849732802478765E-008 -1.565357353099240E-007
 -2.500000000000000E-007 -7.105427357601002E-023 -1.565357353099240E-007
 -2.500000000000000E-007  3.849732802478759E-008 -1.565357353099240E-007
 -2.500000000000000E-007 -1.908695330521276E-007 -1.167948256859161E-007
 -2.500000000000000E-007 -1.642998094537803E-007 -1.305774493387336E-007
 -2.500000000000000E-007 -1.328527466733585E-007 -1.275957522188435E-007
 -2.500000000000000E-007 -2.210113748080791E-007 -9.821573144605754E-008
 -2.500000000000000E-007 -2.500000000000000E-007 -7.599999999999999E-008
 -2.500000000000000E-007 -2.500000000000000E-007 -3.800000000000000E-008
 -2.500000000000000E-007 -9.529145744711445E-008 -1.262684893486086E-007
 -2.500000000000000E-007 -5.788247364743715E-008 -1.261015899646191E-007
 -2.500000000000000E-007  7.699465604957520E-008 -1.565357353099240E-007
 -2.500000000000000E-007  1.154919840743628E-007 -1.565357353099240E-007
 -2.499999999999999E-007  1.732379761115440E-007 -1.900000000000000E-007
 -2.500000000000000E-007  1.539228264838102E-007 -1.589488555597483E-007
 -2.743039121831968E-007  2.236665026437111E-007 -1.900000000000000E-007
 -2.887850501625474E-007  2.500000000000000E-007 -1.900000000000001E-007
 -2.500000000000000E-007  2.117352991896946E-007 -1.900000000000000E-007
 -2.500000000000000E-007 -1.976076597609353E-008 -1.258657400758652E-007
 -2.500000000000000E-007  1.786455206543298E-008 -1.254965590842186E-007
 -2.500000000000000E-007  5.633493794915687E-008 -1.255378089335642E-007
 -2.500000000000000E-007 -1.916173206402798E-007 -8.852427129995521E-008
 -2.500000000000000E-007 -1.580196356748403E-007 -9.840288547391230E-008
 -2.500000000000000E-007 -1.184994340001063E-007 -9.546036232173008E-008
 -2.500000000000000E-007 -2.154790308189308E-007 -5.737060435518632E-008
 -2.500000000000000E-007 -2.211319084423045E-007 -2.501704633158660E-008
 -2.500000000000000E-007 -2.500000000000000E-007  0.000000000000000E+000
 -2.500000000000000E-007 -7.979303543784167E-008 -9.511309847077494E-008
 -2.500000000000000E-007 -4.083995956201796E-008 -9.499112080388814E-008
 -2.500000000000000E-007  9.586261378151814E-008 -1.249782558087704E-007
 -2.500000000000000E-007  1.345291093847763E-007 -1.268337886236779E-007
 -2.500000000000000E-007  1.904433200506405E-007 -1.630981294049777E-007
 -2.500000000000000E-007  1.717850827014421E-007 -1.314066448842530E-007
 -2.500000000000000E-007  2.500000000000000E-007 -1.900000000000000E-007
 -2.500000000000000E-007  2.227432089119120E-007 -1.658873966464411E-007
 -2.500000000000000E-007 -1.188449839165564E-009 -9.345220598464733E-008
 -2.500000000000000E-007  3.821139765568969E-008 -9.384700070403424E-008
 -2.500000000000000E-007  7.766295610067967E-008 -9.374228281499212E-008
 -2.500000000000000E-007 -1.751747760428731E-007 -6.320405016692340E-008
 -2.500000000000000E-007 -1.366562845362067E-007 -6.444929191157763E-008
 -2.500000000000000E-007 -9.768714730293035E-008 -6.377660179019721E-008
 -2.500000000000000E-007 -1.923064508905861E-007 -2.795074163866954E-008
 -2.500000000000000E-007 -2.117352991896934E-007  0.000000000000000E+000
 -2.244038046778848E-007 -2.206147214636587E-007  0.000000000000000E+000
 -2.117352991896946E-007 -2.500000000000000E-007  0.000000000000000E+000
 -2.500000000000000E-007 -5.797507568014033E-008 -6.271730293806609E-008
 -2.500000000000000E-007 -1.963755887420764E-008 -6.254001141610536E-008
 -2.500000000000000E-007  1.165895592395094E-007 -9.456301206477959E-008
 -2.500000000000000E-007  1.571538809492599E-007 -9.217867795366477E-008
 -2.500000000000000E-007  1.910359994942353E-007 -1.025268404752983E-007
 -2.500000000000000E-007  2.155833444509394E-007 -1.323728200366798E-007
 -2.500000000000000E-007  2.500000000000000E-007 -1.520000000000000E-007
 -2.500000000000000E-007  1.871671635215765E-008 -6.157254671220972E-008
 -2.500000000000000E-007  5.709163226316299E-008 -6.181095883822222E-008
 -2.500000000000000E-007  9.505316067432826E-008 -6.267719296336193E-008
 -2.500000000000000E-007 -1.554191650061124E-007 -3.202265304151634E-008
 -2.500000000000000E-007 -1.162701794699516E-007 -3.255700433354651E-008
 -2.500000000000000E-007 -7.701918682794467E-008 -3.137347888983907E-008
 -2.499999999999999E-007 -1.732379761115440E-007  0.000000000000000E+000
 -2.210932383100680E-007 -1.896952576941202E-007  0.000000000000000E+000
 -1.732379761115440E-007 -2.499999999999999E-007  0.000000000000000E+000
 -1.901514837663557E-007 -2.146327332586761E-007  0.000000000000000E+000
 -2.500000000000000E-007 -3.891964716518295E-008 -3.267816331595569E-008
 -2.500000000000000E-007 -2.638942996650684E-011 -3.063787226723887E-008
 -2.500000000000000E-007  1.312860503710975E-007 -6.244670245946079E-008
 -2.500000000000000E-007  1.634526806677275E-007 -5.917270410027761E-008
 -2.500000000000000E-007  1.899059204661901E-007 -7.357121699035137E-008
 -2.500000000000000E-007  2.190078076477556E-007 -9.300731411229793E-008
 -2.500000000000000E-007  2.500000000000000E-007 -1.140000000000000E-007
 -2.500000000000000E-007  1.135741511160892E-007 -3.168590843887788E-008
 -2.500000000000000E-007  3.833968968629133E-008 -3.109209935380347E-008
 -2.500000000000000E-007  7.627788033508910E-008 -3.116242345585114E-008
 -2.500000000000000E-007 -1.347406480867565E-007  0.000000000000000E+000
 -2.500000000000000E-007 -9.624332006196898E-008  0.000000000000000E+000
 -2.500000000000001E-007 -5.774599203718143E-008  0.000000000000000E+000
 -2.179347510241336E-007 -1.515016135218995E-007  0.000000000000000E+000
 -1.347406480867565E-007 -2.499999999999999E-007  0.000000000000000E+000
 -1.899354953243816E-007 -1.724248336490206E-007  0.000000000000000E+000
 -1.498731496995768E-007 -2.160068538847579E-007  0.000000000000000E+000
 -1.613884645609010E-007 -1.878382840727901E-007  0.000000000000000E+000
 -2.500000000000000E-007 -1.924866401239387E-008  0.000000000000000E+000
 -2.500000000000000E-007  1.924866401239378E-008  0.000000000000000E+000
 -2.500000000000000E-007  1.512312416529980E-007 -3.101332077714275E-008
 -2.500000000000000E-007  1.905673464886183E-007 -3.424524427911301E-008
 -2.500000000000000E-007  2.213837895552846E-007 -5.785475759006262E-008
 -2.500000000000000E-007  2.500000000000000E-007 -7.599999999999999E-008
 -2.499999999999999E-007  1.347406480867565E-007  0.000000000000000E+000
 -2.500000000000000E-007  9.624332006196900E-008  0.000000000000000E+000
 -2.500000000000000E-007  5.774599203718141E-008  0.000000000000000E+000
 -2.165012963876177E-007 -1.154919840743628E-007  0.000000000000000E+000
 -2.165150741891687E-007 -7.699465604957520E-008  0.000000000000000E+000
 -2.165707392814042E-007 -3.849732802478765E-008  0.000000000000000E+000
 -1.817711916867353E-007 -1.327751006666687E-007  0.000000000000000E+000
 -9.624332006196900E-008 -2.500000000000000E-007  0.000000000000000E+000
 -1.141593431025285E-007 -2.174660194609076E-007  0.000000000000000E+000
 -1.547335628465637E-007 -1.567697907848460E-007  0.000000000000000E+000
 -1.328988263580218E-007 -1.851747980069078E-007  0.000000000000000E+000
 -2.165707392814042E-007 -3.552713678800501E-023  0.000000000000000E+000
 -2.131826469659474E-007  4.042107444727794E-008  0.000000000000000E+000
 -2.499999999999999E-007  1.732379761115440E-007  0.000000000000000E+000
 -2.500000000000000E-007  2.117352991896946E-007  0.000000000000000E+000
 -2.500000000000000E-007  2.244998077744525E-007 -2.864244400199038E-008
 -2.500000000000000E-007  2.500000000000000E-007 -3.800000000000000E-008
 -2.232280763250147E-007  1.528625027623355E-007  0.000000000000000E+000
 -2.165028163806116E-007  1.162345846574621E-007  0.000000000000000E+000
 -2.124034967729927E-007  7.997682333678317E-008  0.000000000000000E+000
 -1.800370702194147E-007 -9.692459011129874E-008  0.000000000000000E+000
 -1.829162778652317E-007 -1.924866401239388E-008  0.000000000000000E+000
 -1.822096221456293E-007 -5.692351407094069E-008  0.000000000000000E+000
 -1.388122370121065E-007 -1.165320884180492E-007  0.000000000000000E+000
 -5.774599203718141E-008 -2.500000000000000E-007  0.000000000000000E+000
 -7.699465604957520E-008 -2.165260776672125E-007  0.000000000000000E+000
 -9.601776266339744E-008 -1.839247858670196E-007  0.000000000000000E+000
 -1.157895431692893E-007 -1.515337943674715E-007  0.000000000000000E+000
 -1.815194866195028E-007  2.238070114497997E-008  0.000000000000000E+000
 -1.803640635018877E-007  6.392384985901951E-008  0.000000000000000E+000
 -2.143683878482833E-007  1.914101890144711E-007  0.000000000000000E+000
 -2.222251115635583E-007  2.256796586633314E-007  0.000000000000000E+000
 -2.500000000000000E-007  2.500000000000000E-007  0.000000000000000E+000
 -1.957086232238128E-007  1.389677592397359E-007  0.000000000000000E+000
 -1.935574034848230E-007  1.621196809845714E-007  0.000000000000000E+000
 -1.770164168027165E-007  1.068539454670426E-007  0.000000000000000E+000
 -1.483318693343989E-007 -7.647892865992564E-008  0.000000000000000E+000
 -1.490278856930669E-007 -7.105427357601002E-023  0.000000000000000E+000
 -1.475630419063519E-007 -3.722393408798766E-008  0.000000000000000E+000
 -9.794196542351447E-008 -1.178632386872973E-007  0.000000000000000E+000
 -1.165647697355187E-007 -8.928002993731728E-008  0.000000000000000E+000
 -1.924866401239378E-008 -2.500000000000000E-007  0.000000000000000E+000
 -3.849732802478762E-008 -2.165707392814042E-007  0.000000000000000E+000
 -5.770700161609131E-008 -1.829395240285418E-007  0.000000000000000E+000
 -7.726591656999954E-008 -1.498926844032039E-007  0.000000000000000E+000
 -1.482577147596952E-007  4.013059256258419E-008  0.000000000000000E+000
 -1.481545998915981E-007  7.914158532528827E-008  0.000000000000000E+000
 -1.721541654021814E-007  1.875858177544910E-007  0.000000000000000E+000
 -1.907838780814941E-007  2.231211569338618E-007  0.000000000000000E+000
 -2.117352991896934E-007  2.500000000000000E-007  0.000000000000000E+000
 -1.639341017369759E-007  1.477639951122827E-007  0.000000000000000E+000
 -1.440052004466638E-007  1.130918800338201E-007  0.000000000000000E+000
 -1.137573945818609E-007  1.922780971185663E-008  0.000000000000000E+000
 -1.138989814793664E-007 -5.604984840212172E-008  0.000000000000000E+000
 -1.131264056499377E-007 -1.698383543647662E-008  0.000000000000000E+000
 -5.723740806971133E-008 -1.153016004934784E-007  0.000000000000000E+000
 -7.789805764131369E-008 -7.926023625381536E-008  0.000000000000000E+000
  1.924866401239387E-008 -2.500000000000000E-007  0.000000000000000E+000
  3.552713678800501E-023 -2.165707392814042E-007  0.000000000000000E+000
 -1.924866401239381E-008 -1.829162778652317E-007  0.000000000000000E+000
 -3.849830911582760E-008 -1.490520088813638E-007  0.000000000000000E+000
 -1.143974535389112E-007  5.951205006459848E-008  0.000000000000000E+000
 -1.148126186913513E-007  9.946215785267679E-008  0.000000000000000E+000
 -7.998768497457053E-008  3.820377321124642E-008  0.000000000000000E+000
 -1.354602591700028E-007  1.807183376928948E-007  0.000000000000000E+000
 -1.525950117293877E-007  2.176542509026808E-007  0.000000000000000E+000
 -1.732379761115440E-007  2.499999999999999E-007  0.000000000000000E+000
 -1.183710821294889E-007  1.401656748696918E-007  0.000000000000000E+000
 -1.908878832103756E-008 -1.153347627874992E-007  0.000000000000000E+000
 -7.741861448887616E-008  1.599484178872430E-009  0.000000000000000E+000
 -7.888298136387764E-008 -3.542508646781848E-008  0.000000000000000E+000
 -3.701411607730097E-008 -8.330476878697755E-008  0.000000000000000E+000
 -4.855341016608882E-008 -5.362214470209733E-008  0.000000000000000E+000
  5.774599203718143E-008 -2.500000000000001E-007  0.000000000000000E+000
  3.849732802478765E-008 -2.165707392814042E-007  0.000000000000000E+000
  1.924866401239388E-008 -1.829162778652317E-007  0.000000000000000E+000
  1.065814103640150E-022 -1.490278856930668E-007  0.000000000000000E+000
  9.624332006196898E-008 -2.500000000000000E-007  0.000000000000000E+000
  1.935052249310537E-008 -1.149708382605862E-007  0.000000000000000E+000
 -8.868627073542232E-008  1.169529609342077E-007  0.000000000000000E+000
 -7.876904321966866E-008  7.923461228877549E-008  0.000000000000000E+000
 -5.162749973979206E-008  5.549989776641045E-008  0.000000000000000E+000
 -4.307859157736377E-008  2.212185065834028E-008  0.000000000000000E+000
 -9.738930211071125E-008  1.800065477582945E-007  0.000000000000000E+000
 -1.154600371966841E-007  2.162367615514349E-007  0.000000000000000E+000
 -1.347406480867565E-007  2.500000000000000E-007  0.000000000000000E+000
 -7.663673819228560E-008  1.489047962868117E-007  0.000000000000000E+000
  1.066787311820221E-009 -8.290895407708138E-008  0.000000000000000E+000
 -3.977428044446789E-008 -1.868301101679425E-008  0.000000000000000E+000
 -1.710789240662305E-008 -5.134564276762141E-008  0.000000000000000E+000
 -1.522911695253488E-008  2.753883730041515E-009  0.000000000000000E+000
  1.347406480867565E-007 -2.500000000000000E-007  0.000000000000000E+000
  7.699465604957520E-008 -2.165150741891687E-007  0.000000000000000E+000
  5.769878717290954E-008 -1.817500549170764E-007  0.000000000000000E+000
  3.865381238503953E-008 -1.488436484534342E-007  0.000000000000000E+000
  1.154919840743627E-007 -2.165012963876177E-007  0.000000000000000E+000
  5.742089265317656E-008 -1.141984934431540E-007  0.000000000000000E+000
  3.906533669718985E-008 -8.214334572458338E-008  0.000000000000000E+000
 -5.623231414908578E-008  1.149229744509521E-007  0.000000000000000E+000
 -3.906356879948323E-008  8.533172175575029E-008  0.000000000000000E+000
 -2.041012373131625E-008  5.235173636763197E-008  0.000000000000000E+000
 -9.589402462072379E-009  2.605267165762165E-008  0.000000000000000E+000
 -5.776256842343667E-008  1.829492533897098E-007  0.000000000000000E+000
 -7.765994967704874E-008  2.152466104109479E-007  0.000000000000000E+000
 -9.624332006196898E-008  2.500000000000000E-007  0.000000000000000E+000
 -3.851885689853436E-008  1.491107399725078E-007  0.000000000000000E+000
  1.862795681397330E-008 -5.078265517448227E-008  0.000000000000000E+000
 -1.763619286058500E-009 -2.430153838743436E-008  0.000000000000000E+000
  1.566799662766087E-008  8.931595843054510E-009  0.000000000000000E+000
  1.732379761115440E-007 -2.499999999999999E-007  0.000000000000000E+000
  1.548294893720520E-007 -2.174500377558758E-007  0.000000000000000E+000
  9.815175021311067E-008 -1.787145427568679E-007  0.000000000000000E+000
  7.695869956662392E-008 -1.484191319961898E-007  0.000000000000000E+000
  1.344486310552593E-007 -1.813318859418701E-007  0.000000000000000E+000
  8.930571170350181E-008 -1.163716532120966E-007  0.000000000000000E+000
  5.082552155173254E-008 -5.327758838960442E-008  0.000000000000000E+000
  7.933053379869644E-008 -7.922077926173853E-008  0.000000000000000E+000
 -1.967795028431336E-008  1.164533053309869E-007  0.000000000000000E+000
 -2.141436459204016E-010  8.342919119130467E-008  0.000000000000000E+000
  1.832987165621088E-008  4.877997091477607E-008  0.000000000000000E+000
 -1.924866401239385E-008  1.829162778652317E-007  0.000000000000000E+000
 -3.849732802478765E-008  2.165707392814042E-007  0.000000000000000E+000
 -5.774599203718143E-008  2.500000000000001E-007  0.000000000000000E+000
 -3.552713678800501E-023  1.490278856930669E-007  0.000000000000000E+000
  4.176744760578601E-008 -1.571253030797823E-008  0.000000000000000E+000
  4.804617227239422E-008  2.158520084142204E-008  0.000000000000000E+000
  2.117352991896934E-007 -2.500000000000000E-007  0.000000000000000E+000
  1.923847605920423E-007 -2.220934621382904E-007  0.000000000000000E+000
  1.755585235903093E-007 -1.871049425847922E-007  0.000000000000000E+000
  1.190167390420692E-007 -1.400181878487311E-007  0.000000000000000E+000
  1.574913391618039E-007 -1.556749148350434E-007  0.000000000000000E+000
  1.887655836901085E-007 -1.616355640377241E-007  0.000000000000000E+000
  1.174253009589309E-007 -9.771896717821687E-008  0.000000000000000E+000
  8.159660259767399E-008 -3.530526551614042E-008  0.000000000000000E+000
  1.157220958842063E-007 -5.825045330769079E-008  0.000000000000000E+000
  1.970745763811426E-008  1.160662621418848E-007  0.000000000000000E+000
  3.897027848583605E-008  8.254645241013283E-008  0.000000000000000E+000
  5.307448372867306E-008  5.407948677139675E-008  0.000000000000000E+000
  1.924866401239381E-008  1.829162778652317E-007  0.000000000000000E+000
 -3.552713678800501E-023  2.165707392814042E-007  0.000000000000000E+000
 -1.924866401239387E-008  2.500000000000000E-007  0.000000000000000E+000
  3.842301444868586E-008  1.490140487175824E-007  0.000000000000000E+000
  8.143179079145827E-008  1.472416240661900E-009  0.000000000000000E+000
  8.266009044101156E-008  3.948938846159386E-008  0.000000000000000E+000
  2.210242577964662E-007 -2.250492481428445E-007  0.000000000000000E+000
  2.500000000000000E-007 -2.500000000000000E-007  0.000000000000000E+000
  2.148289537703336E-007 -1.912599765640164E-007  0.000000000000000E+000
  1.525301916459239E-007 -1.171869049214134E-007  0.000000000000000E+000
  1.857555247226934E-007 -1.323339928536451E-007  0.000000000000000E+000
  2.180515696791636E-007 -1.493558965826587E-007  0.000000000000000E+000
  1.497143816423184E-007 -7.739989626547274E-008  0.000000000000000E+000
  1.152978977624112E-007 -1.733339490990417E-008  0.000000000000000E+000
  1.490140487175823E-007 -3.842301444868593E-008  0.000000000000000E+000
  5.903263653379629E-008  1.163266721986914E-007  0.000000000000000E+000
  7.977357261144359E-008  8.081020224543764E-008  0.000000000000000E+000
  5.769728771935068E-008  1.828595690374296E-007  0.000000000000000E+000
  3.849732802478759E-008  2.165707392814042E-007  0.000000000000000E+000
  1.924866401239378E-008  2.500000000000000E-007  0.000000000000000E+000
  7.829223319533842E-008  1.504830470887795E-007  0.000000000000000E+000
  1.154490682072830E-007  1.936515268925163E-008  0.000000000000000E+000
  1.142114048070106E-007  5.728055132124141E-008  0.000000000000000E+000
  2.500000000000000E-007 -2.117352991896946E-007  0.000000000000000E+000
  2.500000000000000E-007 -2.225335666102569E-007 -2.414861331800078E-008
  2.500000000000000E-007 -2.500000000000000E-007 -3.800000000000000E-008
  2.500000000000000E-007 -2.500000000000000E-007 -7.599999999999999E-008
  2.499999999999999E-007 -1.732379761115440E-007  0.000000000000000E+000
  1.842176809165812E-007 -9.594948460909233E-008  0.000000000000000E+000
  2.186996735345051E-007 -1.136213845005796E-007  0.000000000000000E+000
  2.499999999999999E-007 -1.347406480867565E-007  0.000000000000000E+000
  1.828595690374296E-007 -5.769728771935082E-008  0.000000000000000E+000
  1.490278856930669E-007  1.065814103640150E-022  0.000000000000000E+000
  1.829162778652317E-007 -1.924866401239374E-008  0.000000000000000E+000
  9.843948942695418E-008  1.174600876721428E-007  0.000000000000000E+000
  1.166072439807407E-007  8.973820492284489E-008  0.000000000000000E+000
  9.660609889696980E-008  1.847600812924226E-007  0.000000000000000E+000
  7.699465604957520E-008  2.165150741891687E-007  0.000000000000000E+000
  5.774599203718141E-008  2.500000000000000E-007  0.000000000000000E+000
  1.181762544123894E-007  1.531651552485005E-007  0.000000000000000E+000
  1.491363906896840E-007  3.882160898742828E-008  0.000000000000000E+000
  1.489768808532916E-007  7.713370747295426E-008  0.000000000000000E+000
  2.500000000000000E-007 -1.902534104655559E-007 -2.643821467042786E-008
  2.500000000000000E-007 -2.144206604089157E-007 -5.729790627986349E-008
  2.500000000000000E-007 -2.500000000000000E-007 -1.140000000000000E-007
  2.500000000000000E-007 -2.190159398491155E-007 -9.644196988911025E-008
  2.500000000000000E-007 -2.500000000000000E-007 -1.520000000000000E-007
  2.500000000000000E-007 -1.545267258264760E-007 -3.044357699318087E-008
  2.165150741891687E-007 -7.699465604957520E-008  0.000000000000000E+000
  2.500000000000000E-007 -9.624332006196900E-008  0.000000000000000E+000
  2.500000000000000E-007 -1.152316350787179E-007 -3.168854178240522E-008
  2.165707392814042E-007 -3.849732802478759E-008  0.000000000000000E+000
  1.829162778652317E-007  1.924866401239385E-008  0.000000000000000E+000
  2.165707392814042E-007  3.552713678800501E-023  0.000000000000000E+000
  1.407835699815254E-007  1.198828003464819E-007  0.000000000000000E+000
  1.332645977906955E-007  1.865520836769055E-007  0.000000000000000E+000
  1.145314563806941E-007  2.175736933983279E-007  0.000000000000000E+000
  9.624332006196900E-008  2.500000000000000E-007  0.000000000000000E+000
  1.565366797999287E-007  1.592554950555354E-007  0.000000000000000E+000
  1.823041609005954E-007  5.788764428464323E-008  0.000000000000000E+000
  1.788372171505660E-007  9.842161618252479E-008  0.000000000000000E+000
  2.500000000000000E-007 -1.722115838614802E-007 -5.943220694229668E-008
  2.500000000000000E-007 -1.904740276390398E-007 -8.707820576174254E-008
  2.500000000000000E-007 -2.216069856086262E-007 -1.317571732927891E-007
  2.500000000000000E-007 -1.900776566325631E-007 -1.164471814075758E-007
  2.500000000000000E-007 -2.245842273001791E-007 -1.613774328502392E-007
  2.500000000000000E-007 -2.500000000000000E-007 -1.900000000000000E-007
  2.500000000000000E-007 -1.347060929161005E-007 -6.221762150519915E-008
  2.500000000000000E-007 -5.774599203718141E-008  0.000000000000000E+000
  2.500000000000000E-007 -7.606364162133598E-008 -3.117989572531505E-008
  2.500000000000000E-007 -9.608694828196672E-008 -6.247383333868154E-008
  2.500000000000000E-007 -1.924866401239378E-008  0.000000000000000E+000
  2.165707392814042E-007  3.849732802478765E-008  0.000000000000000E+000
  2.500000000000000E-007  1.924866401239387E-008  0.000000000000000E+000
  1.817979873157767E-007  1.347915109089231E-007  0.000000000000000E+000
  1.627431761917829E-007  1.890382360944402E-007  0.000000000000000E+000
  1.516082023374328E-007  2.173032898847092E-007  0.000000000000000E+000
  1.347406480867565E-007  2.499999999999999E-007  0.000000000000000E+000
  1.897632905318709E-007  1.743755579921344E-007  0.000000000000000E+000
  2.165150741891687E-007  7.699465604957520E-008  0.000000000000000E+000
  2.165012963876177E-007  1.154919840743627E-007  0.000000000000000E+000
  2.500000000000000E-007 -1.575572855202507E-007 -9.697481527242657E-008
  2.500000000000000E-007 -1.637257671460378E-007 -1.303777212071234E-007
  2.500000000000000E-007 -1.909162497409412E-007 -1.557631287496158E-007
  2.500000000000000E-007 -2.117352991896946E-007 -1.900000000000000E-007
  2.758127023748175E-007 -2.206276408888974E-007 -1.900000000000000E-007
  2.887850501625474E-007 -2.500000000000000E-007 -1.900000000000001E-007
  2.500000000000000E-007 -1.161246537650453E-007 -9.399515607266521E-008
  2.500000000000000E-007 -3.791718536517781E-008 -3.042488478616577E-008
  2.500000000000000E-007 -5.738995199715632E-008 -6.133048554609909E-008
  2.500000000000000E-007 -7.697138071001082E-008 -9.381955203558966E-008
  2.500000000000000E-007  1.082832888279413E-009 -3.092772483720399E-008
  2.500000000000001E-007  5.774599203718143E-008  0.000000000000000E+000
  2.500000000000000E-007  3.962724016954059E-008 -3.040208489067714E-008
  2.170154967724011E-007  1.545375969010543E-007  0.000000000000000E+000
  1.917390959175770E-007  2.151290537602606E-007  0.000000000000000E+000
  1.732379761115440E-007  2.499999999999999E-007  0.000000000000000E+000
  2.229140021098777E-007  1.919655402698502E-007  0.000000000000000E+000
  2.500000000000000E-007  9.624332006196898E-008  0.000000000000000E+000
  2.500000000000000E-007  1.347406480867565E-007  0.000000000000000E+000
  2.500000000000000E-007 -1.324593814175438E-007 -1.269618837056121E-007
  2.500000000000000E-007 -1.520557660455752E-007 -1.574771659746838E-007
  2.499999999999999E-007 -1.732379761115440E-007 -1.900000000000000E-007
  3.283254056138366E-007 -2.500000000000001E-007 -1.900000000000000E-007
  2.785555697465884E-007 -1.913412590980536E-007 -1.900000000000000E-007
  3.109110304407074E-007 -2.144107099992199E-007 -1.900000000000000E-007
  2.500000000000000E-007 -9.450885229982507E-008 -1.261134125831371E-007
  2.500000000000000E-007 -1.798662174622013E-008 -6.142555475292251E-008
  2.500000000000000E-007 -3.816532750179917E-008 -9.275570961792367E-008
  2.500000000000000E-007 -5.664823456004204E-008 -1.250695267000627E-007
  2.500000000000000E-007  2.078595375277086E-008 -6.160691280192629E-008
  2.500000000000000E-007  7.807934669498319E-008 -3.031780097126723E-008
  2.500000000000000E-007  5.829999393500472E-008 -6.063845980316284E-008
  2.499999999999999E-007  1.732379761115440E-007  0.000000000000000E+000
  2.260118716637489E-007  2.234027330252405E-007  0.000000000000000E+000
  2.117352991896946E-007  2.500000000000000E-007  0.000000000000000E+000
  2.500000000000000E-007  2.117352991896934E-007  0.000000000000000E+000
  2.500000000000000E-007  1.155315044582983E-007 -3.127697632048394E-008
  2.500000000000000E-007  1.529382178959704E-007 -3.129531275186209E-008
  2.500000000000000E-007 -1.146660047292192E-007 -1.581047453634903E-007
  3.678659637272498E-007 -2.500000000000000E-007 -1.900000000000001E-007
  2.499999999999999E-007 -1.347406480867565E-007 -1.900000000000000E-007
  2.829100590018443E-007 -1.526696346515634E-007 -1.900000000000000E-007
  3.523038309894057E-007 -2.160740476941541E-007 -1.900000000000000E-007
  3.130252205510196E-007 -1.711170264873214E-007 -1.900000000000000E-007
  3.415756193738801E-007 -1.875931918178159E-007 -1.900000000000000E-007
  2.500000000000000E-007 -7.661012657212250E-008 -1.574150151364901E-007
  2.500000000000000E-007  5.311240368187598E-010 -9.251156568986525E-008
  2.500000000000000E-007 -1.810838852845780E-008 -1.244629701135332E-007
  2.500000000000000E-007 -3.849732802478759E-008 -1.565357353099240E-007
  2.500000000000000E-007  3.883135051465861E-008 -9.297961812503566E-008
  2.500000000000000E-007  9.581348572743871E-008 -6.134553036321154E-008
  2.500000000000000E-007  7.941851490142501E-008 -9.140631845351747E-008
  2.500000000000000E-007  1.925728455344079E-007 -3.344006861967325E-008
  2.500000000000000E-007  2.500000000000000E-007  0.000000000000000E+000
  2.500000000000000E-007  2.255510879368789E-007 -2.633374065353859E-008
  2.500000000000000E-007  1.321653079545045E-007 -6.190150643006526E-008
  2.500000000000000E-007  1.641330591326028E-007 -5.907230531665135E-008
  4.074065218406631E-007 -2.500000000000000E-007 -1.900000000000001E-007
  2.500000000000000E-007 -9.624332006196900E-008 -1.900000000000000E-007
  3.897766667003893E-007 -2.167352057560444E-007 -1.900000000000000E-007
  2.834940533878849E-007 -1.154919840743628E-007 -1.900000000000000E-007
  3.157111430818434E-007 -1.323151748772286E-007 -1.900000000000000E-007
  3.709153207319398E-007 -1.853269227287608E-007 -1.900000000000000E-007
  3.504752995820754E-007 -1.524641943776179E-007 -1.900000000000000E-007
  2.500000000000000E-007 -5.774599203718141E-008 -1.900000000000000E-007
  2.500000000000000E-007  2.023715657229495E-008 -1.243256156891114E-007
  2.500000000000000E-007  3.552713678800501E-023 -1.565357353099240E-007
  2.500000000000000E-007 -1.924866401239378E-008 -1.900000000000000E-007
  2.500000000000000E-007  5.829679045011272E-008 -1.252034531190216E-007
  2.500000000000000E-007  1.177273102059299E-007 -9.269188237639590E-008
  2.500000000000000E-007  9.763515478901710E-008 -1.240372099776948E-007
  2.500000000000000E-007  1.904281536006743E-007 -7.363077864049351E-008
  2.500000000000000E-007  2.221792604758779E-007 -5.740240508070797E-008
  2.500000000000000E-007  2.500000000000000E-007 -3.800000000000000E-008
  2.500000000000000E-007  1.572397509481740E-007 -9.210307288081742E-008
  4.469470799540763E-007 -2.500000000000000E-007 -1.900000000000000E-007
  4.271768008973698E-007 -2.157379871818683E-007 -1.900000000000000E-007
  2.834789583702421E-007 -7.699465604957520E-008 -1.900000000000000E-007
  4.093676929579654E-007 -1.833641316362638E-007 -1.900000000000000E-007
  3.162714752615387E-007 -9.458127697274481E-008 -1.900000000000000E-007
  3.489930809693571E-007 -1.127534324505149E-007 -1.900000000000000E-007
  3.902958859133401E-007 -1.545538730368695E-007 -1.900000000000000E-007
  3.767833847853450E-007 -1.257443598294558E-007 -1.900000000000000E-007
  2.834120799066450E-007 -3.849732802478759E-008 -1.900000000000000E-007
  2.500000000000000E-007  3.849732802478765E-008 -1.565357353099240E-007
  2.500000000000000E-007  1.924866401239387E-008 -1.900000000000000E-007
  2.833656506272440E-007  7.105427357601002E-023 -1.900000000000000E-007
  2.500000000000000E-007  7.699465604957520E-008 -1.565357353099241E-007
  2.500000000000000E-007  1.364652985232596E-007 -1.243493185431136E-007
  2.500000000000000E-007  1.154919840743627E-007 -1.565357353099241E-007
  2.500000000000000E-007  1.914787837507419E-007 -1.018865477724684E-007
  2.500000000000000E-007  2.206467788473142E-007 -9.176520042754364E-008
  2.500000000000000E-007  2.500000000000000E-007 -7.599999999999999E-008
  2.500000000000000E-007  1.750024202844903E-007 -1.274388006292366E-007
  4.864876380674896E-007 -2.500000000000000E-007 -1.900000000000000E-007
  4.667173590107829E-007 -2.157745980326554E-007 -1.900000000000000E-007
  4.469788326338941E-007 -1.814626705089825E-007 -1.900000000000000E-007
  3.170766410749336E-007 -5.768756726124085E-008 -1.900000000000000E-007
  4.290448298200823E-007 -1.497820002347773E-007 -1.900000000000000E-007
  3.503324037633791E-007 -7.542269656504768E-008 -1.900000000000000E-007
  3.811912865493246E-007 -9.530202451316218E-008 -1.900000000000000E-007
  4.080215495899140E-007 -1.210436593102164E-007 -1.900000000000000E-007
  3.169184804671225E-007 -1.920822598845266E-008 -1.900000000000000E-007
  3.185648880087563E-007  1.909838824671805E-008 -1.900000000000000E-007
  2.500000000000001E-007  5.774599203718143E-008 -1.900000000000001E-007
  2.872761398993107E-007  3.854696207011084E-008 -1.900000000000000E-007
  2.500000000000000E-007  9.624332006196898E-008 -1.900000000000000E-007
  2.500000000000000E-007  1.552500465648403E-007 -1.571360490569293E-007
  2.500000000000000E-007  1.347406480867565E-007 -1.900000000000000E-007
  2.500000000000000E-007  2.157000320725728E-007 -1.323066108912563E-007
  2.500000000000000E-007  2.500000000000000E-007 -1.140000000000000E-007
  2.500000000000000E-007  1.926185289128129E-007 -1.623351883058483E-007
  5.260281961809028E-007 -2.500000000000000E-007 -1.900000000000000E-007
  5.062579171241961E-007 -2.157745980326554E-007 -1.900000000000000E-007
  4.864876380674896E-007 -1.815092184281532E-007 -1.900000000000000E-007
  4.679682075939010E-007 -1.484573888390355E-007 -1.900000000000000E-007
  3.507883184400730E-007 -3.830900737688786E-008 -1.900000000000000E-007
  4.487032980149756E-007 -1.142381599459715E-007 -1.900000000000000E-007
  3.847212328599080E-007 -5.721902758175986E-008 -1.900000000000000E-007
  4.249290201761366E-007 -7.828849086693932E-008 -1.900000000000000E-007
  3.522672533629030E-007 -6.030780915425993E-010 -1.900000000000000E-007
  3.542123580224259E-007  3.669879750377884E-008 -1.900000000000000E-007
  3.221128169017258E-007  5.943649755960731E-008 -1.900000000000000E-007
  2.890828556772489E-007  7.725564286052815E-008 -1.900000000000000E-007
  2.846983583614284E-007  1.136765875224113E-007 -1.900000000000000E-007
  2.499999999999999E-007  1.732379761115440E-007 -1.900000000000000E-007
  2.782198180126606E-007  1.507480228618339E-007 -1.900000000000000E-007
  2.500000000000000E-007  2.225060427421988E-007 -1.656251533465713E-007
  2.500000000000000E-007  2.500000000000000E-007 -1.520000000000000E-007
  2.500000000000000E-007  2.117352991896934E-007 -1.900000000000000E-007
  5.655687542943160E-007 -2.500000000000000E-007 -1.900000000000000E-007
  5.457984752376094E-007 -2.157745980326554E-007 -1.900000000000000E-007
  5.260281961809028E-007 -1.815092184281532E-007 -1.900000000000000E-007
  5.062579171241963E-007 -1.472035977488016E-007 -1.900000000000000E-007
  4.864798210181437E-007 -1.132317170301212E-007 -1.900000000000000E-007
  3.845837264735844E-007 -1.962453718912751E-008 -1.900000000000000E-007
  4.660688048769289E-007 -7.934606157326992E-008 -1.900000000000000E-007
  4.179092135113966E-007 -3.750335577577015E-008 -1.900000000000000E-007
  4.488662162638591E-007 -5.049715399463871E-008 -1.900000000000000E-007
  3.852053983668939E-007  1.718808735296363E-008 -1.900000000000000E-007
  3.878040502557903E-007  5.132205461208191E-008 -1.900000000000000E-007
  3.598836401139177E-007  7.420011356810996E-008 -1.900000000000000E-007
  3.244526845140304E-007  1.031791861511737E-007 -1.900000000000000E-007
  3.069435320801657E-007  1.361935134280717E-007 -1.900000000000000E-007
  3.094743869715642E-007  1.614368543530493E-007 -1.900000000000000E-007
  2.865876179748412E-007  1.910127865181720E-007 -1.900000000000000E-007
  2.500000000000000E-007  2.500000000000000E-007 -1.900000000000000E-007
  2.780804555027410E-007  2.257688894460963E-007 -1.900000000000000E-007
  6.051093124077292E-007 -2.499999999999999E-007 -1.900000000000000E-007
  5.853390333510225E-007 -2.157745980326554E-007 -1.900000000000000E-007
  5.655687542943159E-007 -1.815092184281532E-007 -1.900000000000000E-007
  5.457984752376093E-007 -1.472035977488016E-007 -1.900000000000000E-007
  5.260281961809028E-007 -1.128574695169303E-007 -1.900000000000000E-007
  5.058568153891355E-007 -7.821066493755939E-008 -1.900000000000000E-007
  4.176929402784517E-007 -1.102564158069370E-009 -1.900000000000000E-007
  4.850029448934775E-007 -4.194588288500011E-008 -1.900000000000000E-007
  4.516033327267291E-007 -1.886642948295162E-008 -1.900000000000000E-007
  4.169245349336043E-007  3.380482851059792E-008 -1.900000000000000E-007
  4.153993575623440E-007  6.193666921200749E-008 -1.900000000000000E-007
  3.968678025431976E-007  8.456052530791570E-008 -1.900000000000000E-007
  3.693757630591877E-007  1.122652906550251E-007 -1.900000000000000E-007
  3.428426215264845E-007  1.453662924205195E-007 -1.900000000000000E-007
  3.307361987988834E-007  1.877566772300062E-007 -1.900000000000000E-007
  3.102253845690372E-007  2.231822346044534E-007 -1.900000000000000E-007
  2.887850501625472E-007  2.500000000000000E-007 -1.900000000000000E-007
  6.446498705211425E-007 -2.500000000000000E-007 -1.900000000000000E-007
  7.237309867479691E-007 -2.500000000000000E-007 -1.900000000000000E-007
  6.841904286345557E-007 -2.500000000000000E-007 -1.900000000000000E-007
  6.248795914644359E-007 -2.157745980326553E-007 -1.900000000000000E-007
  6.051093124077291E-007 -1.815092184281531E-007 -1.900000000000000E-007
  5.853390333510224E-007 -1.472035977488015E-007 -1.900000000000000E-007
  5.655687542943158E-007 -1.128574695169303E-007 -1.900000000000000E-007
  5.450734489602217E-007 -7.912946924310862E-008 -1.900000000000000E-007
  5.260469809519969E-007 -4.716896035416685E-008 -1.900000000000000E-007
  5.121026517798957E-007 -1.680634823129765E-008 -1.900000000000000E-007
  4.513187389016342E-007  1.716233636434524E-008 -1.900000000000000E-007
  4.838060074030734E-007 -1.157758414237620E-009 -1.900000000000000E-007
  4.450578694644427E-007  5.399704813583078E-008 -1.900000000000000E-007
  4.314030215957459E-007  8.662833207471000E-008 -1.900000000000000E-007
  4.090104316553466E-007  1.169543702402584E-007 -1.900000000000000E-007
  3.877527164039255E-007  1.484615579507169E-007 -1.900000000000000E-007
  3.680797915747927E-007  1.822599855954815E-007 -1.900000000000000E-007
  3.490786291446022E-007  2.168413473634997E-007 -1.900000000000000E-007
  3.283254056138368E-007  2.500000000000000E-007 -1.900000000000000E-007
  7.632715448613824E-007 -2.500000000000000E-007 -1.900000000000000E-007
  6.644201495778492E-007 -2.157745980326554E-007 -1.900000000000000E-007
  7.435012658046758E-007 -2.157516302671898E-007 -1.900000000000000E-007
  7.039607076912625E-007 -2.157546257852643E-007 -1.900000000000000E-007
  6.446498705211425E-007 -1.815092184281532E-007 -1.900000000000000E-007
  6.248795914644359E-007 -1.472035977488014E-007 -1.900000000000000E-007
  6.051093124077291E-007 -1.128574695169300E-007 -1.900000000000000E-007
  5.853390333510222E-007 -7.847056416458724E-008 -1.900000000000000E-007
  5.653229714459867E-007 -4.431850776125472E-008 -1.900000000000000E-007
  5.424540871718062E-007 -1.322211849765544E-008 -1.900000000000000E-007
  5.176504713867225E-007  1.180079501596822E-008 -1.900000000000000E-007
  4.867341570860272E-007  4.214853805154615E-008 -1.900000000000000E-007
  4.694349471363353E-007  8.347747332184892E-008 -1.900000000000000E-007
  4.481649626143104E-007  1.169242253725694E-007 -1.900000000000000E-007
  4.272631162313755E-007  1.470368428349278E-007 -1.900000000000000E-007
  4.074138209276044E-007  1.813858247740179E-007 -1.900000000000000E-007
  3.876362427839566E-007  2.157295846461196E-007 -1.900000000000000E-007
  3.678659637272501E-007  2.500000000000000E-007 -1.900000000000000E-007
  8.028121029747957E-007 -2.500000000000000E-007 -1.900000000000000E-007
  8.423526610882089E-007 -2.500000000000000E-007 -1.900000000000000E-007
  8.818932192016222E-007 -2.500000000000000E-007 -1.900000000000000E-007
  7.830418239180891E-007 -2.157512918433110E-007 -1.900000000000000E-007
  7.632712510082979E-007 -1.814184376096225E-007 -1.900000000000000E-007
  6.841730904108789E-007 -1.814388283628731E-007 -1.900000000000000E-007
  7.237283860269783E-007 -1.814238544530683E-007 -1.900000000000000E-007
  6.643502111068910E-007 -1.470719761270655E-007 -1.900000000000000E-007
  6.444999589974464E-007 -1.126689566711543E-007 -1.900000000000000E-007
  6.246397384468887E-007 -7.830715522635207E-008 -1.900000000000000E-007
  6.044643084722864E-007 -4.388299231941428E-008 -1.900000000000000E-007
  5.796911407262604E-007 -1.329623637206723E-008 -1.900000000000000E-007
  5.556804177698022E-007  1.753611667041145E-008 -1.900000000000000E-007
  5.306936763501899E-007  4.765846949343711E-008 -1.900000000000000E-007
  5.090483668905206E-007  8.016990578151362E-008 -1.900000000000000E-007
  4.878788783074032E-007  1.139070470822651E-007 -1.900000000000000E-007
  4.667736650039659E-007  1.471701827029110E-007 -1.900000000000000E-007
  4.469788326338940E-007  1.814626705089825E-007 -1.900000000000000E-007
  4.271768008973698E-007  2.157379871818683E-007 -1.900000000000000E-007
  4.074065218406632E-007  2.500000000000000E-007 -1.900000000000000E-007
  9.214337773150357E-007 -2.500000000000000E-007 -1.900000000000000E-007
  9.609742799464790E-007 -2.500000000000000E-007 -1.900000000000000E-007
  8.225823820315023E-007 -2.157512918433111E-007 -1.900000000000000E-007
  8.621229401449157E-007 -2.157512918433111E-007 -1.900000000000000E-007
  9.021082214066837E-007 -2.158081867131042E-007 -1.900000000000000E-007
  8.028121029747957E-007 -1.814153576456445E-007 -1.900000000000000E-007
  7.838266657352199E-007 -1.466215943979310E-007 -1.900000000000000E-007
  7.434951040184970E-007 -1.470053825232987E-007 -1.900000000000000E-007
  7.039377099245666E-007 -1.470156115425606E-007 -1.900000000000000E-007
  6.840948273288924E-007 -1.125352457301052E-007 -1.900000000000000E-007
  6.641808263876063E-007 -7.808401244871579E-008 -1.900000000000000E-007
  6.428590797185453E-007 -4.388986263158050E-008 -1.900000000000000E-007
  6.190573714087806E-007 -1.359588490625221E-008 -1.900000000000000E-007
  5.937889415107864E-007  1.626068978232194E-008 -1.900000000000000E-007
  5.701671568566753E-007  4.806228679965760E-008 -1.900000000000000E-007
  5.482392626940507E-007  8.031606323959981E-008 -1.900000000000000E-007
  5.260281961809030E-007  1.128574695169303E-007 -1.900000000000000E-007
  5.062579171241965E-007  1.472035977488015E-007 -1.900000000000000E-007
  4.864876380674899E-007  1.815092184281532E-007 -1.900000000000000E-007
  4.667173590107830E-007  2.157745980326553E-007 -1.900000000000000E-007
  4.469470799540763E-007  2.500000000000000E-007 -1.900000000000000E-007
  9.413077742770765E-007 -2.221384832530190E-007 -1.900000000000000E-007
  9.717576357983858E-007 -2.252362556029345E-007 -1.900000000000000E-007
  1.000000000000000E-006 -2.500000000000000E-007 -1.900000000000000E-007
  8.423526610882089E-007 -1.814153576456445E-007 -1.900000000000000E-007
  9.219775989349134E-007 -1.858352869004935E-007 -1.900000000000000E-007
  8.825811773877580E-007 -1.820236632468032E-007 -1.900000000000000E-007
  8.234399748364115E-007 -1.473334205342571E-007 -1.900000000000000E-007
  8.028780590626675E-007 -1.141828588015872E-007 -1.900000000000000E-007
  7.633257244523452E-007 -1.124461072129594E-007 -1.900000000000000E-007
  7.237074848664861E-007 -1.125071672022736E-007 -1.900000000000000E-007
  7.029868082608390E-007 -7.767128497189969E-008 -1.900000000000000E-007
  6.809124424355898E-007 -4.410160279296715E-008 -1.900000000000000E-007
  6.579414582479339E-007 -1.364515137347475E-008 -1.900000000000000E-007
  6.325795078944271E-007  1.594851087506875E-008 -1.900000000000000E-007
  6.089149149661303E-007  4.758970499836714E-008 -1.900000000000000E-007
  5.868317627818609E-007  8.061840443796851E-008 -1.900000000000000E-007
  5.655687542943161E-007  1.128574695169301E-007 -1.900000000000000E-007
  5.457984752376096E-007  1.472035977488015E-007 -1.900000000000000E-007
  5.260281961809030E-007  1.815092184281532E-007 -1.900000000000000E-007
  5.062579171241964E-007  2.157745980326555E-007 -1.900000000000000E-007
  4.864876380674899E-007  2.500000000000000E-007 -1.900000000000000E-007
  9.643137141392486E-007 -1.909827292715261E-007 -1.900000000000000E-007
  9.999999999999995E-007 -2.115384615384615E-007 -1.900000000000000E-007
  9.392765702120468E-007 -1.596550736780523E-007 -1.900000000000000E-007
  8.630426705737338E-007 -1.495720782363941E-007 -1.900000000000000E-007
  9.039925793386962E-007 -1.487531220047260E-007 -1.900000000000000E-007
  8.403851487183027E-007 -1.173529758920875E-007 -1.900000000000000E-007
  8.211872250330017E-007 -8.666110214018477E-008 -1.900000000000000E-007
  7.821072451966265E-007 -8.052564372658718E-008 -1.900000000000000E-007
  7.435194222877048E-007 -7.860674130738918E-008 -1.900000000000000E-007
  7.205179759216092E-007 -4.504574042818895E-008 -1.900000000000000E-007
  6.957487112858025E-007 -1.369776516922844E-008 -1.900000000000000E-007
  6.716593612705720E-007  1.592233727283475E-008 -1.900000000000000E-007
  6.486603730246290E-007  4.750684634746111E-008 -1.900000000000000E-007
  6.265852046055706E-007  8.009430103983153E-008 -1.900000000000000E-007
  6.051093124077294E-007  1.128574695169301E-007 -1.900000000000000E-007
  5.853390333510228E-007  1.472035977488014E-007 -1.900000000000000E-007
  5.655687542943162E-007  1.815092184281532E-007 -1.900000000000000E-007
  5.457984752376096E-007  2.157745980326554E-007 -1.900000000000000E-007
  5.260281961809030E-007  2.500000000000000E-007 -1.900000000000000E-007
  9.701140041738304E-007 -1.483990778947536E-007 -1.900000000000000E-007
  9.999999999999993E-007 -1.730769230769230E-007 -1.900000000000000E-007
  9.379210956390744E-007 -1.308245723837325E-007 -1.900000000000000E-007
  8.779979455442044E-007 -1.176791085947522E-007 -1.900000000000000E-007
  9.113548045770592E-007 -1.147298245279545E-007 -1.900000000000000E-007
  8.563730953139441E-007 -8.816956167114785E-008 -1.900000000000000E-007
  8.361228735768389E-007 -6.310472844713224E-008 -1.900000000000000E-007
  8.052767542817223E-007 -5.535143931058876E-008 -1.900000000000000E-007
  7.647915993702413E-007 -4.124395956996584E-008 -1.900000000000000E-007
  7.324134456486590E-007 -1.070992357845768E-008 -1.900000000000000E-007
  7.094079412126342E-007  1.527200823601671E-008 -1.900000000000000E-007
  6.882165617228180E-007  4.795904200975013E-008 -1.900000000000000E-007
  6.663530051354783E-007  8.023211310563905E-008 -1.900000000000000E-007
  6.444997060508078E-007  1.126676769168346E-007 -1.900000000000000E-007
  6.248795914644361E-007  1.472035977488014E-007 -1.900000000000000E-007
  6.051093124077295E-007  1.815092184281532E-007 -1.900000000000000E-007
  5.853390333510228E-007  2.157745980326554E-007 -1.900000000000000E-007
  5.655687542943162E-007  2.500000000000000E-007 -1.900000000000000E-007
  9.695263107440949E-007 -1.129977375065974E-007 -1.900000000000000E-007
  1.000000000000000E-006 -1.346153846153846E-007 -1.900000000000000E-007
  9.361810579438241E-007 -9.320031216473669E-008 -1.900000000000000E-007
  8.973026853973059E-007 -8.097611278492561E-008 -1.900000000000000E-007
  8.656205841758149E-007 -5.136958516216357E-008 -1.900000000000000E-007
  8.341634211891881E-007 -3.467406961022736E-008 -1.900000000000000E-007
  8.004087547106575E-007 -1.737471356472668E-008 -1.900000000000000E-007
  7.667866756546030E-007  1.832697642328469E-009 -1.900000000000000E-007
  7.384947822468599E-007  1.798889409347229E-008 -1.900000000000000E-007
  7.256950918872437E-007  4.755379466748597E-008 -1.900000000000000E-007
  7.056021866632943E-007  8.052552727482898E-008 -1.900000000000000E-007
  6.840801739896802E-007  1.125255554964170E-007 -1.900000000000000E-007
  6.643502105992986E-007  1.470716911196072E-007 -1.900000000000000E-007
  6.446498705211428E-007  1.815092184281532E-007 -1.900000000000000E-007
  6.248795914644361E-007  2.157745980326554E-007 -1.900000000000000E-007
  6.051093124077295E-007  2.500000000000000E-007 -1.900000000000000E-007
  9.665755501382242E-007 -7.692307692307690E-008 -1.900000000000000E-007
  1.000000000000000E-006 -9.615384615384617E-008 -1.900000000000000E-007
  9.326427781627639E-007 -5.724285530216722E-008 -1.900000000000000E-007
  9.003923670676978E-007 -3.772323699862881E-008 -1.900000000000000E-007
  8.675501282986968E-007 -1.618553550823524E-008 -1.900000000000000E-007
  8.335944603382744E-007  1.582171209291019E-009 -1.900000000000000E-007
  7.988448469624738E-007  1.890708264636885E-008 -1.900000000000000E-007
  7.665943412543479E-007  4.317194771458805E-008 -1.900000000000000E-007
  7.458432297696071E-007  7.922218265802055E-008 -1.900000000000000E-007
  7.236775255473609E-007  1.124836079602492E-007 -1.900000000000000E-007
  7.039268781606310E-007  1.470047561169710E-007 -1.900000000000000E-007
  6.841730904108792E-007  1.814388283628731E-007 -1.900000000000000E-007
  6.644201495778495E-007  2.157745980326554E-007 -1.900000000000000E-007
  6.446498705211428E-007  2.500000000000000E-007 -1.900000000000000E-007
  9.665755501382242E-007 -3.846153846153843E-008 -1.900000000000000E-007
  1.000000000000000E-006 -5.769230769230766E-008 -1.900000000000000E-007
  9.328979031005136E-007 -1.923187783452143E-008 -1.900000000000000E-007
  8.989259405589425E-007 -3.755006748477285E-011 -1.900000000000000E-007
  8.674237734433865E-007  2.035404592094107E-008 -1.900000000000000E-007
  8.322915280024324E-007  3.907060235920717E-008 -1.900000000000000E-007
  8.012222779338920E-007  5.129797249543209E-008 -1.900000000000000E-007
  7.841333576967684E-007  7.952719707379807E-008 -1.900000000000000E-007
  7.639511946944361E-007  1.134204665135661E-007 -1.900000000000000E-007
  7.434812531857728E-007  1.469743330015826E-007 -1.900000000000000E-007
  7.237233727912695E-007  1.814142934901667E-007 -1.900000000000000E-007
  7.039607076912629E-007  2.157546257852642E-007 -1.900000000000000E-007
  6.841904286345562E-007  2.500000000000000E-007 -1.900000000000000E-007
  9.665742840341133E-007  3.552713678800501E-023 -1.900000000000000E-007
  1.000000000000000E-006 -1.923076923076921E-008 -1.900000000000000E-007
  9.328660716379645E-007  1.921300731907291E-008 -1.900000000000000E-007
  8.988617938092705E-007  3.842341040623364E-008 -1.900000000000000E-007
  8.659431090158857E-007  5.787640695065729E-008 -1.900000000000000E-007
  8.272174625825190E-007  8.191604277112926E-008 -1.900000000000000E-007
  8.044224536310247E-007  1.157315877425469E-007 -1.900000000000000E-007
  7.840340995776604E-007  1.485025304463901E-007 -1.900000000000000E-007
  7.632687294479288E-007  1.813972977099476E-007 -1.900000000000000E-007
  7.435012658046759E-007  2.157458577123660E-007 -1.900000000000000E-007
  7.237309867479694E-007  2.500000000000000E-007 -1.900000000000000E-007
  9.665540113500359E-007  3.846153846153850E-008 -1.900000000000000E-007
  1.000000000000000E-006  1.923076923076928E-008 -1.900000000000001E-007
  9.328338748821131E-007  5.769069368650996E-008 -1.900000000000000E-007
  8.991258937537296E-007  7.651139010866250E-008 -1.900000000000000E-007
  8.710258320239113E-007  9.440542275586985E-008 -1.900000000000000E-007
  8.430106749513234E-007  1.199155505453842E-007 -1.900000000000000E-007
  8.224904419697417E-007  1.500774908345365E-007 -1.900000000000000E-007
  8.028121029747957E-007  1.813846816756261E-007 -1.900000000000000E-007
  7.830418239180892E-007  2.157426165787714E-007 -1.900000000000000E-007
  7.632715448613825E-007  2.500000000000000E-007 -1.900000000000000E-007
  9.665521703479754E-007  7.692307692307698E-008 -1.900000000000000E-007
  1.000000000000000E-006  5.769230769230775E-008 -1.900000000000000E-007
  9.337513887689185E-007  9.499893679800640E-008 -1.900000000000000E-007
  9.016890480668893E-007  1.142412564551207E-007 -1.900000000000000E-007
  8.744050220118831E-007  1.256691144115384E-007 -1.900000000000000E-007
  8.605748606907015E-007  1.525468864145418E-007 -1.900000000000000E-007
  8.413154122822670E-007  1.841764710848286E-007 -1.900000000000000E-007
  8.225823820315024E-007  2.157426165787714E-007 -1.900000000000000E-007
  8.028121029747958E-007  2.500000000000000E-007 -1.900000000000000E-007
  9.665521703479754E-007  1.153846153846155E-007 -1.900000000000000E-007
  1.000000000000000E-006  9.615384615384622E-008 -1.900000000000001E-007
  9.356878173193761E-007  1.335597453063881E-007 -1.900000000000000E-007
  9.002248772415595E-007  1.535702821447368E-007 -1.900000000000000E-007
  8.789735295877728E-007  1.869995267719292E-007 -1.900000000000000E-007
  8.615923658968518E-007  2.167883097344985E-007 -1.900000000000000E-007
  8.423526610882090E-007  2.500000000000000E-007 -1.900000000000000E-007
  9.683062915857580E-007  1.537990731518028E-007 -1.900000000000000E-007
  1.000000000000000E-006  1.346153846153847E-007 -1.900000000000000E-007
  9.372527244266770E-007  1.714857574361822E-007 -1.900000000000000E-007
  9.101875836282373E-007  1.883727417716988E-007 -1.900000000000000E-007
  8.995485437405708E-007  2.176349814316699E-007 -1.900000000000000E-007
  8.818932192016223E-007  2.500000000000000E-007 -1.900000000000000E-007
  9.723046358893030E-007  1.922152044346577E-007 -1.900000000000000E-007
  9.999999999999997E-007  1.730769230769231E-007 -1.900000000000000E-007
  9.412163181368095E-007  2.150213863345626E-007 -1.900000000000000E-007
  9.214337773150357E-007  2.500000000000000E-007 -1.900000000000001E-007
  9.754726287204509E-007  2.232887096026360E-007 -1.900000000000000E-007
  1.000000000000000E-006  2.115384615384615E-007 -1.900000000000000E-007
  9.609742799464790E-007  2.500000000000000E-007 -1.900000000000000E-007
  1.000000000000000E-006  2.500000000000000E-007 -1.900000000000000E-007
