           2           1           5
           1           6           5
           3           2           7
           7           2           5
           4           3          13
          13           3           7
           8           4          14
          14           4          13
           6          15           5
           7           5          15
           6          16          15
          13           7          17
          17           7          15
           9           8          18
          18           8          14
          10           9          19
          19           9          18
          11          10          22
          22          10          19
          12          11          23
          23          11          22
          20          12          24
          24          12          23
          14          13          25
          25          13          17
          18          14          26
          26          14          25
          15          27          17
          15          16          28
          15          28          27
          16          29          28
          25          17          30
          30          17          27
          19          18          31
          31          18          26
          22          19          32
          32          19          31
          21          20          35
          35          20          24
          33          21          36
          36          21          35
          23          22          37
          37          22          32
          24          23          38
          38          23          37
          35          24          39
          39          24          38
          26          25          40
          40          25          30
          31          26          41
          41          26          40
          40          30          42
          27          28          43
          27          43          30
          28          29          44
          28          44          43
          29          45          44
          43          46          30
          42          30          46
          32          31          47
          47          31          41
          37          32          48
          48          32          47
          34          33          49
          49          33          36
          50          34          49
          51          34          50
          36          35          52
          52          35          39
          49          36          53
          53          36          52
          52          39          54
          38          37          55
          55          37          48
          39          38          56
          39          56          54
          56          38          55
          41          40          57
          57          40          42
          47          41          58
          58          41          57
          46          59          42
          57          42          59
          43          44          60
          43          60          46
          44          45          61
          44          61          60
          45          62          61
          46          60          63
          46          63          59
          48          47          64
          64          47          58
          55          48          65
          65          48          64
          64          58          66
          49          53          67
          68          50          49
          67          68          49
          69          51          50
          68          69          50
          53          52          70
          70          52          54
          53          70          67
          70          54          71
          71          54          56
          56          55          72
          72          55          65
          56          72          73
          56          73          71
          58          57          74
          66          58          74
          74          57          59
          59          63          75
          59          75          74
          60          61          76
          60          76          63
          61          62          77
          61          77          76
          62          78          77
          63          76          79
          63          79          75
          66          74          80
          65          64          81
          81          64          66
          72          65          82
          82          65          81
          81          66          83
          83          66          80
          84          67          70
          85          68          67
          85          67          84
          86          69          68
          85          86          68
          87          84          70
          87          70          71
          88          87          71
          88          71          73
          89          88          73
          72          82          89
          89          73          72
          90          80          74
          74          75          90
          75          79          91
          75          91          90
          76          77          92
          76          92          79
          77          78          93
          77          93          92
          78          94          93
          79          92          95
          79          95          91
          90          96          80
          83          80          96
          82          81          97
          97          81          83
          98          89          82
          82          97          98
          97          83          99
          99          83          96
          96         100          99
         101          84          87
         102          85          84
         101         102          84
         103          86          85
         102         103          85
         104         101          87
         104          87          88
         105         104          88
         105          88          89
         106         105          89
         106          89          98
          90          91         107
          90         107          96
          91          95         108
          91         108         107
          92          93         109
          92         109          95
          93          94         110
          93         110         109
          94         111         110
          95         109         112
          95         112         108
          96         107         113
          96         113         100
         114         106          98
         114          98          97
          97          99         114
         115         114          99
         115          99         100
         100         113         116
         100         116         115
         117         101         104
         118         102         101
         117         118         101
         119         103         102
         118         119         102
         120         117         104
         120         104         105
         121         120         105
         121         105         106
         122         121         106
         122         106         114
         107         108         123
         107         123         113
         108         112         124
         108         124         123
         109         110         125
         109         125         112
         110         111         126
         110         126         125
         111         127         126
         112         125         128
         112         128         124
         113         123         129
         113         129         116
         130         122         114
         130         114         115
         131         130         115
         131         115         116
         116         129         132
         116         132         131
         133         117         120
         134         118         117
         133         134         117
         135         119         118
         134         135         118
         136         133         120
         136         120         121
         137         136         121
         137         121         122
         138         137         122
         138         122         130
         123         124         139
         123         139         129
         124         128         140
         124         140         139
         125         126         141
         125         141         128
         126         127         142
         126         142         141
         127         143         142
         128         141         144
         128         144         140
         129         139         145
         129         145         132
         146         138         130
         146         130         131
         147         146         131
         147         131         132
         132         145         148
         147         132         148
         149         133         136
         150         134         133
         149         150         133
         151         135         134
         150         151         134
         152         149         136
         152         136         137
         153         152         137
         153         137         138
         154         153         138
         154         138         146
         139         140         155
         139         155         145
         140         144         156
         140         156         155
         141         142         157
         141         157         144
         142         143         158
         142         158         157
         143         159         158
         144         157         160
         144         160         156
         145         155         161
         145         161         148
         162         154         146
         162         146         147
         163         162         147
         163         147         148
         148         161         164
         148         164         163
         165         149         152
         166         150         149
         165         166         149
         167         151         150
         166         167         150
         168         165         152
         168         152         153
         169         168         153
         169         153         154
         170         169         154
         170         154         162
         155         156         171
         155         171         161
         156         160         172
         156         172         171
         157         158         173
         157         173         160
         158         159         174
         158         174         173
         159         175         174
         160         173         176
         160         176         172
         161         171         177
         161         177         164
         178         170         162
         178         162         163
         179         178         163
         179         163         164
         164         177         180
         179         164         180
         181         165         168
         182         166         165
         181         182         165
         183         167         166
         182         183         166
         184         181         168
         184         168         169
         185         184         169
         185         169         170
         186         185         170
         186         170         178
         171         172         187
         171         187         177
         172         176         188
         172         188         187
         173         174         189
         173         189         176
         174         175         190
         174         190         189
         175         191         190
         176         189         192
         176         192         188
         177         187         193
         177         193         180
         194         186         178
         194         178         179
         195         194         179
         195         179         180
         193         196         180
         180         196         195
         197         181         184
         198         182         181
         197         198         181
         199         183         182
         198         199         182
         200         197         184
         200         184         185
         201         200         185
         201         185         186
         202         201         186
         202         186         194
         188         192         203
         188         203         204
         187         188         204
         187         204         193
         190         191         205
         190         205         206
         189         190         206
         189         206         192
         191         207         205
         192         206         208
         192         208         203
         193         204         209
         193         209         196
         210         202         194
         210         194         195
         211         210         195
         211         195         196
         196         209         212
         211         196         212
         213         197         200
         214         198         197
         213         214         197
         215         199         198
         214         215         198
         216         213         200
         216         200         201
         217         216         201
         217         201         202
         218         217         202
         218         202         210
         203         208         219
         203         219         220
         204         203         220
         204         220         209
         205         207         221
         205         221         222
         206         205         222
         206         222         208
         207         223         221
         208         222         224
         208         224         219
         209         220         225
         209         225         226
         226         212         209
         227         218         210
         227         210         211
         227         211         212
         226         228         212
         212         228         227
         229         213         216
         230         214         213
         229         230         213
         231         215         214
         230         231         214
         232         229         216
         232         216         217
         233         232         217
         233         217         218
         234         233         218
         234         218         227
         219         224         235
         219         235         236
         220         219         236
         220         236         225
         225         236         237
         221         223         238
         221         238         239
         222         221         239
         222         239         224
         223         240         238
         224         239         241
         224         241         235
         237         242         225
         242         226         225
         242         243         226
         226         243         228
         234         227         244
         228         244         227
         243         245         228
         228         245         244
         246         229         232
         247         230         229
         246         247         229
         248         231         230
         247         248         230
         249         246         232
         249         232         233
         250         249         233
         250         233         234
         250         234         244
         235         241         251
         235         251         252
         236         235         252
         252         237         236
         252         253         237
         237         253         242
         238         240         254
         238         254         255
         239         238         255
         239         255         241
         240         256         254
         241         255         257
         241         257         251
         253         258         242
         242         258         243
         258         259         243
         243         259         245
         245         260         244
         244         260         250
         259         261         245
         245         261         260
         262         246         249
         263         247         246
         262         263         246
         264         248         247
         263         264         247
         265         262         249
         265         249         250
         266         265         250
         266         250         260
         251         257         267
         267         268         251
         268         253         252
         268         252         251
         268         269         253
         253         269         258
         254         256         270
         254         270         271
         255         254         271
         255         271         257
         256         272         270
         257         271         273
         273         274         257
         274         267         257
         269         275         258
         258         275         259
         275         276         259
         259         276         261
         261         277         260
         260         277         266
         276         278         261
         261         278         277
         279         262         265
         280         263         262
         279         280         262
         281         264         263
         280         281         263
         282         279         265
         282         265         266
         282         266         283
         277         283         266
         274         284         267
         267         284         268
         284         285         268
         268         285         269
         285         286         269
         269         286         275
         270         272         287
         270         287         288
         271         270         288
         288         273         271
         272         289         287
         288         290         273
         273         290         274
         290         291         274
         274         291         284
         286         292         275
         275         292         276
         292         293         276
         276         293         278
         278         294         277
         277         294         283
         293         295         278
         278         295         294
         296         279         282
         297         280         279
         296         297         279
         298         281         280
         297         298         280
         296         282         299
         294         299         283
         283         299         282
         291         300         284
         284         300         285
         300         301         285
         285         301         286
         301         302         286
         286         302         292
         289         303         287
         303         288         287
         303         304         288
         288         304         290
         305         303         289
         305         289         306
         304         307         290
         290         307         291
         307         308         291
         291         308         300
         302         309         292
         292         309         293
         309         310         293
         293         310         295
         295         311         294
         294         311         299
         310         312         295
         295         312         311
         313         296         299
         314         297         296
         313         314         296
         315         298         297
         314         315         297
         311         316         299
         299         316         313
         308         317         300
         300         317         301
         317         318         301
         301         318         302
         318         319         302
         302         319         309
         320         304         303
         305         320         303
         321         307         304
         321         304         320
         305         306         322
         320         305         322
         322         306         323
         324         308         307
         324         307         321
         325         317         308
         325         308         324
         319         326         309
         309         326         310
         326         327         310
         310         327         312
         312         328         311
         311         328         316
         327         329         312
         312         329         328
         330         314         313
         330         313         316
         331         315         314
         330         331         314
         328         332         316
         316         332         330
         333         318         317
         333         317         325
         334         319         318
         334         318         333
         335         326         319
         335         319         334
         320         322         336
         337         321         320
         336         337         320
         338         324         321
         338         321         337
         322         323         339
         336         322         339
         339         323         340
         342         325         324
         342         324         338
         343         333         325
         343         325         342
         344         327         326
         344         326         335
         345         329         327
         345         327         344
         329         346         328
         328         346         332
         347         346         329
         347         329         345
         332         348         330
         349         331         330
         349         330         348
         346         350         332
         332         350         348
         351         334         333
         351         333         343
         352         335         334
         352         334         351
         353         344         335
         353         335         352
         336         339         354
         355         336         354
         355         338         337
         336         355         337
         356         342         338
         356         338         355
         357         340         341
         339         340         357
         354         339         357
         357         341         358
         358         341         359
         360         343         342
         360         342         356
         361         351         343
         361         343         360
         362         345         344
         362         344         353
         363         347         345
         363         345         362
         364         350         346
         364         346         347
         365         364         347
         365         347         363
         350         366         348
         366         349         348
         367         366         350
         367         350         364
         368         352         351
         368         351         361
         369         353         352
         369         352         368
         370         362         353
         370         353         369
         371         354         357
         371         355         354
         355         371         372
         355         372         356
         356         372         373
         360         356         373
         357         358         374
         357         374         371
         358         359         375
         358         375         374
         375         359         376
         359         377         376
         360         373         378
         378         361         360
         361         378         379
         379         368         361
         380         363         362
         380         362         370
         381         365         363
         381         363         380
         382         365         381
         383         367         364
         383         364         365
         365         382         383
         367         384         366
         367         383         384
         368         379         385
         385         369         368
         369         385         386
         386         370         369
         370         386         387
         387         380         370
         371         374         388
         372         371         388
         372         388         389
         372         389         373
         373         389         390
         373         390         378
         374         375         391
         374         391         388
         391         375         392
         392         375         376
         377         393         394
         377         394         376
         392         376         394
         378         390         395
         378         395         379
         379         395         396
         379         396         385
         380         387         397
         397         381         380
         381         397         398
         381         399         382
         381         398         399
         382         400         383
         399         400         382
         383         401         384
         400         401         383
         387         402         397
         385         396         403
         385         403         386
         387         404         402
         386         403         404
         386         404         387
         388         391         405
         388         405         389
         389         405         406
         389         406         390
         390         406         407
         390         407         395
         405         391         408
         408         391         392
         408         392         410
         410         392         394
         393         409         411
         394         393         411
         394         411         412
         394         412         410
         395         407         413
         395         413         396
         396         413         414
         396         414         403
         397         402         415
         397         415         398
         398         415         416
         399         398         416
         399         417         400
         416         417         399
         400         418         401
         417         418         400
         402         419         415
         402         420         419
         404         420         402
         404         421         420
         403         414         421
         403         421         404
         406         405         422
         422         405         408
         407         406         423
         423         406         422
         413         407         424
         424         407         423
         422         408         425
         425         408         410
         409         426         427
         411         409         427
         425         410         428
         428         410         412
         411         427         429
         412         411         429
         412         429         428
         414         413         430
         430         413         424
         421         414         431
         431         414         430
         415         419         432
         415         432         416
         416         432         433
         434         416         433
         416         434         417
         417         435         418
         434         435         417
         432         419         436
         419         420         437
         436         419         437
         420         421         438
         437         420         438
         438         421         431
         423         422         439
         439         422         425
         430         424         440
         424         423         441
         440         424         441
         441         423         439
         439         425         442
         442         425         428
         426         443         444
         427         426         444
         427         444         445
         429         427         445
         429         445         446
         429         446         428
         442         428         446
         431         430         447
         447         430         440
         438         431         448
         448         431         447
         433         432         449
         449         432         436
         450         433         449
         434         451         435
         434         433         451
         451         433         450
         436         437         452
         449         436         453
         453         436         452
         437         438         454
         452         437         454
         454         438         448
         441         439         455
         455         439         442
         447         440         456
         440         441         457
         456         440         457
         457         441         455
         442         446         458
         455         442         459
         458         459         442
         443         460         461
         444         443         461
         444         461         462
         445         444         462
         445         462         463
         446         445         463
         446         463         458
         448         447         464
         464         447         456
         454         448         465
         465         448         464
         449         453         466
         467         450         449
         466         467         449
         468         451         450
         467         468         450
         453         452         469
         469         452         454
         453         469         466
         454         465         470
         454         470         469
         464         456         471
         457         455         472
         472         455         459
         456         457         473
         471         456         473
         473         457         472
         458         463         474
         472         459         475
         458         474         475
         475         459         458
         460         476         477
         461         460         477
         461         477         478
         462         461         478
         462         478         479
         463         462         479
         463         479         474
         465         464         480
         480         464         471
         470         465         481
         481         465         480
         480         471         482
         483         466         469
         484         467         466
         484         466         483
         485         468         467
         484         485         467
         486         483         469
         486         469         470
         486         470         481
         474         479         487
         471         473         488
         471         488         482
         473         472         489
         488         473         489
         489         472         475
         474         487         490
         474         490         475
         489         475         491
         491         475         490
         476         492         493
         477         476         493
         477         493         494
         478         477         494
         478         494         495
         479         478         495
         479         495         487
         487         495         497
         481         498         486
         481         480         499
         499         480         482
         481         499         498
         499         482         500
         488         501         482
         500         482         501
         502         483         486
         503         484         483
         502         503         483
         504         485         484
         503         504         484
         505         502         486
         505         486         498
         487         497         506
         490         487         506
         488         489         507
         488         507         501
         507         489         491
         490         506         508
         490         508         491
         507         491         508
         501         507         509
         492         496         511
         493         492         511
         493         511         512
         494         493         512
         494         512         513
         495         494         513
         495         513         497
         496         510         514
         511         496         514
         497         513         515
         497         515         516
         506         497         516
         517         505         498
         517         498         499
         518         517         499
         518         499         500
         519         518         500
         519         500         501
         520         519         501
         501         509         520
         521         502         505
         522         503         502
         521         522         502
         523         504         503
         522         523         503
         524         521         505
         524         505         517
         506         516         525
         506         525         508
         508         525         526
         507         508         526
         509         507         526
         509         526         527
         509         527         520
         510         528         529
         514         510         529
         511         514         530
         512         511         530
         512         530         531
         513         512         531
         513         531         515
         514         529         532
         530         514         532
         515         531         533
         525         516         534
         515         533         535
         516         515         535
         516         535         534
         536         524         517
         536         517         518
         537         536         518
         537         518         519
         538         537         519
         538         519         520
         538         520         527
         539         521         524
         540         522         521
         539         540         521
         541         523         522
         540         541         522
         542         539         524
         542         524         536
         525         534         543
         526         525         543
         543         527         526
         543         544         527
         527         544         538
         528         545         546
         529         528         546
         529         546         547
         532         529         547
         530         532         548
         531         530         548
         531         548         533
         532         547         549
         548         532         549
         549         547         550
         535         533         551
         551         533         548
         534         535         552
         552         543         534
         551         553         535
         553         552         535
         554         542         536
         554         536         537
         555         554         537
         555         537         538
         555         538         556
         544         556         538
         557         539         542
         558         540         539
         557         558         539
         559         541         540
         558         559         540
         560         557         542
         560         542         554
         552         561         543
         543         561         544
         561         562         544
         544         562         556
         546         545         563
         545         564         563
         546         563         565
         547         546         565
         565         550         547
         548         549         566
         548         566         551
         550         567         549
         567         566         549
         565         568         550
         550         568         567
         566         569         551
         551         569         553
         553         570         552
         552         570         561
         569         571         553
         553         571         570
         572         560         554
         572         554         555
         572         555         573
         562         573         556
         556         573         555
         574         557         560
         575         558         557
         574         575         557
         576         559         558
         575         576         558
         577         574         560
         577         560         572
         570         578         561
         561         578         562
         578         579         562
         562         579         573
         564         580         563
         580         565         563
         580         564         581
         564         582         581
         580         584         565
         565         584         568
         567         585         566
         566         585         569
         568         586         567
         567         586         585
         584         587         568
         568         587         586
         585         588         569
         569         588         571
         571         589         570
         570         589         578
         588         590         571
         571         590         589
         591         577         572
         591         572         573
         579         592         573
         573         592         591
         593         574         577
         594         575         574
         593         594         574
         595         576         575
         594         595         575
         596         593         577
         596         577         591
         589         597         578
         578         597         579
         597         598         579
         598         592         579
         584         580         599
         599         580         581
         582         583         600
         581         582         600
         599         581         600
         583         601         602
         600         583         602
         587         584         604
         604         584         599
         586         605         585
         585         605         588
         587         606         586
         586         606         605
         606         587         607
         607         587         604
         605         608         588
         588         608         590
         590         609         589
         589         609         597
         608         610         590
         590         610         609
         598         611         592
         611         596         591
         591         592         611
         612         593         596
         613         594         593
         612         613         593
         614         595         594
         613         614         594
         612         596         615
         611         615         596
         609         616         597
         597         616         598
         616         617         598
         598         617         611
         604         599         618
         618         599         600
         600         602         619
         600         619         618
         601         603         620
         602         601         620
         602         620         621
         619         602         621
         620         603         622
         603         623         622
         607         604         624
         604         618         624
         606         625         605
         605         625         608
         625         606         626
         626         606         607
         626         607         627
         627         607         624
         625         628         608
         608         628         610
         610         629         609
         609         629         616
         628         630         610
         610         630         629
         617         631         611
         611         631         615
         632         612         615
         633         613         612
         632         633         612
         634         614         613
         633         634         613
         631         635         615
         615         635         632
         629         636         616
         616         636         617
         636         637         617
         617         637         631
         624         618         638
         619         621         638
         619         638         618
         639         638         621
         620         622         640
         621         620         640
         640         639         621
         623         641         622
         641         640         622
         641         623         642
         623         643         642
         627         624         644
         644         624         638
         628         625         645
         645         625         626
         645         626         646
         646         626         627
         646         627         647
         627         644         647
         630         628         648
         648         628         645
         630         649         629
         629         649         636
         649         630         650
         650         630         648
         637         651         631
         631         651         635
         652         633         632
         652         632         635
         653         634         633
         652         653         633
         651         654         635
         635         654         652
         649         655         636
         636         655         637
         655         656         637
         637         656         651
         639         657         638
         638         657         644
         640         658         639
         639         658         657
         641         659         640
         640         659         658
         659         641         661
         661         641         642
         643         660         662
         643         662         642
         661         642         662
         657         663         644
         644         663         647
         648         645         664
         664         645         646
         664         646         665
         647         665         646
         663         666         647
         647         666         665
         650         648         667
         667         648         664
         655         649         668
         668         649         650
         668         650         669
         669         650         667
         656         670         651
         651         670         654
         654         671         652
         672         653         652
         672         652         671
         670         673         654
         654         673         671
         656         655         674
         674         655         668
         670         656         675
         675         656         674
         658         676         657
         657         676         663
         659         678         658
         658         678         676
         678         659         679
         679         659         661
         660         677         680
         662         660         680
         679         661         681
         681         661         662
         662         680         682
         662         682         681
         676         683         663
         663         683         666
         667         664         684
         665         684         664
         666         685         665
         665         685         684
         683         686         666
         666         686         685
         669         667         687
         684         687         667
         674         668         688
         688         668         669
         688         669         689
         687         689         669
         673         670         690
         690         670         675
         673         691         671
         691         672         671
         691         673         692
         673         690         692
         675         674         693
         693         674         688
         690         675         694
         694         675         693
         678         696         676
         676         696         683
         677         695         697
         680         677         697
         696         678         698
         698         678         679
         698         679         699
         699         679         681
         680         697         700
         682         680         700
         699         681         701
         682         700         701
         701         681         682
         696         702         683
         683         702         686
         685         703         684
         684         703         687
         686         704         685
         685         704         703
         702         705         686
         686         705         704
         703         706         687
         687         706         689
         693         688         707
         689         707         688
         706         708         689
         689         708         707
         690         694         709
         710         692         690
         709         710         690
         711         691         692
         710         711         692
         694         693         712
         707         712         693
         709         694         712
         695         713         714
         697         695         714
         702         696         715
         715         696         698
         697         714         716
         700         697         716
         715         698         717
         717         698         699
         717         699         718
         718         699         701
         700         716         719
         700         719         701
         718         701         720
         720         701         719
         705         702         721
         721         702         715
         704         722         703
         703         722         706
         705         723         704
         704         723         722
         723         705         724
         724         705         721
         722         725         706
         706         725         708
         708         726         707
         707         726         712
         725         727         708
         708         727         726
         728         709         712
         729         710         709
         728         729         709
         730         711         710
         729         730         710
         726         731         712
         712         731         728
         713         732         733
         714         713         733
         714         733         734
         716         714         734
         721         715         735
         735         715         717
         716         734         736
         719         716         736
         735         717         737
         737         717         718
         737         718         738
         738         718         720
         719         736         739
         719         739         720
         738         720         739
         724         721         740
         740         721         735
         741         724         740
         723         742         722
         722         742         725
         742         723         743
         743         723         724
         743         724         741
         742         744         725
         725         744         727
         727         745         726
         726         745         731
         744         746         727
         727         746         745
         747         729         728
         747         728         731
         748         730         729
         747         748         729
         745         749         731
         731         749         747
         732         750         751
         733         732         751
         733         751         752
         734         733         752
         734         752         753
         736         734         753
         740         735         754
         754         735         737
         736         753         755
         739         736         755
         754         737         756
         756         737         738
         756         738         757
         739         755         757
         757         738         739
         741         740         758
         758         740         754
         759         741         758
         760         743         741
         760         741         759
         744         742         761
         761         742         743
         761         743         760
         746         744         762
         762         744         761
         746         763         745
         745         763         749
         763         746         764
         764         746         762
         749         765         747
         766         748         747
         766         747         765
         763         767         749
         749         767         765
         750         768         769
         751         750         769
         751         769         770
         752         751         770
         752         770         771
         753         752         771
         753         771         772
         755         753         772
         758         754         773
         773         754         756
         755         772         774
         757         755         774
         773         756         775
         775         756         757
         775         757         776
         774         776         757
         759         758         777
         777         758         773
         759         777         778
         779         760         759
         779         759         778
         762         761         780
         780         761         760
         780         760         779
         764         762         781
         781         762         780
         782         764         781
         767         763         783
         783         763         764
         783         764         782
         767         784         765
         784         766         765
         784         767         785
         785         767         783
         768         786         787
         769         768         787
         769         787         788
         770         769         788
         770         788         789
         771         770         789
         771         789         790
         772         771         790
         772         790         791
         774         772         791
         777         773         792
         792         773         775
         774         791         793
         774         793         776
         792         775         794
         794         775         776
         794         776         793
         778         777         795
         777         792         795
         796         778         795
         779         778         797
         797         778         796
         798         779         797
         780         779         798
         782         781         799
         799         781         780
         798         799         780
         783         782         800
         782         799         800
         801         785         783
         800         801         783
         802         784         785
         801         802         785
         786         803         806
         787         786         806
         787         806         807
         788         787         807
         788         807         808
         789         788         808
         789         808         809
         790         789         809
         790         809         810
         791         790         810
         791         810         811
         793         791         811
         793         811         812
         795         792         813
         792         794         813
         813         794         814
         794         793         814
         793         812         814
         796         795         815
         795         813         815
         816         797         796
         815         816         796
         817         798         797
         816         817         797
         818         799         798
         817         818         798
         819         800         799
         818         819         799
         820         801         800
         820         800         819
         821         802         801
         820         821         801
         803         805         823
         806         803         823
         804         822         824
         805         804         825
         823         805         825
         825         804         824
         806         823         826
         807         806         826
         807         826         827
         808         807         827
         808         827         828
         809         808         828
         809         828         829
         810         809         829
         810         829         830
         811         810         830
         811         830         831
         812         811         831
         812         831         832
         812         832         814
         833         815         813
         832         833         814
         813         814         833
         834         816         815
         833         834         815
         835         817         816
         834         835         816
         836         818         817
         835         836         817
         837         819         818
         836         837         818
         838         820         819
         837         838         819
         839         821         820
         838         839         820
         822         840         843
         824         822         843
         824         843         844
         823         825         845
         826         823         845
         825         824         846
         845         825         846
         846         824         844
         826         845         847
         827         826         847
         827         847         848
         828         827         848
         828         848         849
         829         828         849
         829         849         850
         830         829         850
         830         850         851
         831         830         851
         852         832         831
         852         831         851
         853         833         832
         852         853         832
         854         834         833
         853         854         833
         855         835         834
         854         855         834
         856         836         835
         855         856         835
         857         837         836
         856         857         836
         858         838         837
         857         858         837
         859         839         838
         858         859         838
         840         841         862
         843         840         862
         841         842         863
         862         841         863
         842         860         864
         863         842         864
         843         862         865
         844         843         865
         844         865         866
         846         844         867
         867         844         866
         845         846         868
         847         845         868
         868         846         867
         847         868         869
         848         847         869
         848         869         870
         849         848         870
         849         870         871
         850         849         871
         850         871         872
         851         850         872
         851         872         873
         873         852         851
         874         853         852
         873         874         852
         875         854         853
         874         875         853
         876         855         854
         875         876         854
         877         856         855
         876         877         855
         878         857         856
         877         878         856
         879         858         857
         878         879         857
         880         859         858
         879         880         858
         860         861         881
         864         860         881
         881         861         882
         861         883         882
         862         863         884
         865         862         884
         864         881         885
         863         864         886
         884         863         886
         886         864         885
         865         884         887
         866         865         887
         866         887         888
         867         866         889
         889         866         888
         868         867         890
         869         868         890
         890         867         889
         869         890         891
         870         869         891
         870         891         892
         871         870         892
         871         892         893
         872         871         893
         894         873         872
         894         872         893
         895         874         873
         894         895         873
         896         875         874
         895         896         874
         897         876         875
         896         897         875
         898         877         876
         897         898         876
         899         878         877
         898         899         877
         900         879         878
         899         900         878
         901         880         879
         900         901         879
         881         882         902
         885         881         902
         883         903         882
         903         902         882
         902         904         885
         884         886         905
         887         884         905
         886         885         906
         905         886         906
         906         885         904
         887         905         907
         888         887         907
         888         907         908
         889         888         909
         909         888         908
         890         889         910
         891         890         910
         910         889         909
         891         910         911
         892         891         911
         892         911         912
         893         892         912
         893         912         913
         913         894         893
         914         895         894
         913         914         894
         915         896         895
         914         915         895
         916         897         896
         915         916         896
         917         898         897
         916         917         897
         918         899         898
         917         918         898
         919         900         899
         918         919         899
         920         901         900
         919         920         900
         902         921         904
         903         922         902
         902         922         921
         904         921         923
         904         923         906
         905         906         924
         907         905         924
         923         925         906
         924         906         925
         907         924         926
         908         907         926
         926         927         908
         909         908         928
         928         908         927
         910         909         929
         911         910         929
         929         909         928
         911         929         930
         911         930         912
         931         913         912
         931         912         930
         932         914         913
         931         932         913
         933         915         914
         932         933         914
         934         916         915
         933         934         915
         935         917         916
         934         935         916
         936         918         917
         935         936         917
         937         919         918
         936         937         918
         938         920         919
         937         938         919
         921         939         923
         922         940         921
         921         940         939
         923         939         941
         923         941         925
         925         941         942
         925         942         924
         942         926         924
         942         943         926
         926         943         927
         927         943         944
         927         944         928
         944         945         928
         929         928         945
         930         929         946
         945         946         929
         930         946         947
         947         931         930
         948         932         931
         947         948         931
         949         933         932
         948         949         932
         950         934         933
         949         950         933
         951         935         934
         950         951         934
         952         936         935
         951         952         935
         953         937         936
         952         953         936
         954         938         937
         953         954         937
         939         955         941
         940         956         939
         939         956         955
         941         955         957
         941         957         942
         942         957         958
         942         958         943
         943         958         959
         943         959         944
         944         959         960
         944         960         945
         945         960         961
         945         961         946
         962         948         947
         946         961         962
         962         947         946
         963         949         948
         962         963         948
         964         950         949
         963         964         949
         965         951         950
         964         965         950
         966         952         951
         965         966         951
         967         953         952
         966         967         952
         968         954         953
         967         968         953
         955         969         957
         956         970         955
         955         970         969
         957         969         971
         957         971         958
         958         971         972
         958         972         959
         959         972         973
         959         973         960
         960         973         974
         960         974         961
         961         974         975
         961         975         962
         976         963         962
         976         962         975
         977         964         963
         976         977         963
         978         965         964
         977         978         964
         979         966         965
         978         979         965
         980         967         966
         979         980         966
         981         968         967
         980         981         967
         969         982         971
         970         983         969
         969         983         982
         971         982         984
         971         984         972
         972         984         985
         972         985         973
         973         985         986
         973         986         974
         974         986         987
         974         987         975
         976         975         987
         988         977         976
         987         988         976
         989         978         977
         988         989         977
         990         979         978
         989         990         978
         991         980         979
         990         991         979
         992         981         980
         991         992         980
         982         993         984
         983         994         982
         982         994         993
         984         993         995
         984         995         985
         985         995         996
         985         996         986
         986         996         997
         986         997         987
         998         988         987
         987         997         998
         999         989         988
         998         999         988
        1000         990         989
         999        1000         989
        1001         991         990
        1000        1001         990
        1002         992         991
        1001        1002         991
         993        1003         995
         994        1004         993
         993        1004        1003
         995        1003        1005
         995        1005         996
         996        1005        1006
         996        1006         997
         997        1006        1007
         997        1007         998
        1008         999         998
        1008         998        1007
        1009        1000         999
        1008        1009         999
        1010        1001        1000
        1009        1010        1000
        1011        1002        1001
        1010        1011        1001
        1003        1012        1005
        1004        1013        1003
        1003        1013        1012
        1005        1012        1014
        1005        1014        1006
        1006        1014        1015
        1006        1015        1007
        1007        1015        1008
        1016        1009        1008
        1016        1008        1015
        1017        1010        1009
        1016        1017        1009
        1018        1011        1010
        1017        1018        1010
        1012        1019        1014
        1013        1020        1012
        1012        1020        1019
        1014        1019        1021
        1014        1021        1015
        1022        1016        1015
        1015        1021        1022
        1023        1017        1016
        1022        1023        1016
        1024        1018        1017
        1023        1024        1017
        1019        1025        1021
        1020        1026        1019
        1019        1026        1025
        1027        1023        1022
        1021        1025        1027
        1027        1022        1021
        1028        1024        1023
        1027        1028        1023
        1025        1029        1027
        1026        1030        1025
        1025        1030        1029
        1031        1028        1027
        1031        1027        1029
        1030        1032        1029
        1032        1031        1029
